img_1: 56,228,56,36,921,36,921,228,0.988
img_1: 168,1224,168,1096,457,1096,457,1224,0.977
img_1: 128,839,128,706,480,706,480,839,0.92
img_1: 532,1204,532,1072,729,1072,729,1204,0.919
img_1: 89,1019,89,889,449,889,449,1019,0.903
img_1: 520,1022,520,920,833,920,833,1022,0.897
img_1: 544,839,544,716,940,716,940,839,0.872
img_1: 287,449,287,258,661,258,661,449,0.862
img_1: 1,831,1,708,74,708,74,831,0.635
img_10: 1583,431,1583,381,1748,381,1748,431,0.991
img_10: 1031,379,1031,311,1226,311,1226,379,0.984
img_10: 1088,1254,1088,1155,1195,1155,1195,1254,0.979
img_10: 1039,464,1039,402,1267,402,1267,464,0.971
img_10: 1260,364,1260,311,1445,311,1445,364,0.931
img_10: 2315,2272,2315,2186,2602,2186,2602,2272,0.924
img_10: 1297,446,1297,389,1542,389,1542,446,0.922
img_10: 1256,1272,1244,1108,2032,1049,2044,1213,0.814
img_10: 1045,2301,1020,2193,1075,2180,1100,2289,0.58
img_10: 1462,2584,1091,2197,1208,2085,1578,2473,0.579
img_101: 187,402,187,347,279,347,279,402,0.937
img_101: 106,518,106,437,364,437,364,518,0.92
img_101: 120,286,120,77,357,77,357,286,0.611
img_102: 20,348,20,291,185,291,185,348,0.87
img_102: 280,351,280,301,445,301,445,351,0.855
img_102: 431,382,339,382,339,359,431,359,0.853
img_102: 328,379,124,379,124,354,328,354,0.645
img_103: 321,372,321,339,449,339,449,372,0.93
img_103: 177,369,177,337,302,337,302,369,0.912
img_103: 1,475,1,459,34,459,34,475,0.904
img_104: 148,278,148,116,618,116,618,278,0.736
img_105: 500,343,165,343,165,301,500,301,0.881
img_105: 40,248,40,118,489,118,489,248,0.612
img_106: 12,318,12,222,442,222,442,318,0.77
img_106: 382,319,382,287,529,287,529,319,0.611
img_107: 338,287,312,287,312,275,338,275,0.953
img_107: 352,289,352,276,395,276,395,289,0.926
img_107: 163,286,64,286,64,274,163,274,0.823
img_107: 8,266,8,210,545,210,545,266,0.814
img_107: 406,292,406,276,498,276,498,292,0.795
img_107: 215,286,215,273,300,273,300,286,0.749
img_107: 447,270,447,207,553,207,553,270,0.579
img_108: 285,479,285,430,579,430,579,479,0.792
img_108: 47,479,47,429,285,429,285,479,0.762
img_109: 295,112,295,34,496,34,496,112,0.774
img_109: 324,119,49,119,49,32,324,32,0.692
img_11: 278,438,272,330,617,313,622,420,0.822
img_11: 41,343,41,198,607,198,607,343,0.724
img_11: 217,181,217,46,375,46,375,181,0.642
img_111: 276,398,276,349,561,349,561,398,0.944
img_111: 261,327,261,275,552,275,552,327,0.905
img_111: 134,255,134,197,555,197,555,255,0.827
img_112: 18,309,18,123,604,123,604,309,0.9
img_112: 21,116,21,63,319,63,319,116,0.851
img_112: 350,117,350,65,579,65,579,117,0.81
img_112: 526,39,526,1,634,1,634,39,0.665
img_113: 175,528,65,528,65,503,175,503,0.981
img_113: 121,480,75,480,75,453,121,453,0.981
img_113: 180,352,180,332,243,332,243,352,0.966
img_113: 188,324,188,309,234,309,234,324,0.946
img_113: 260,484,138,484,138,460,260,460,0.937
img_113: 364,529,271,529,271,505,364,505,0.921
img_113: 354,483,281,483,281,455,354,455,0.905
img_113: 195,529,195,506,251,506,251,529,0.903
img_114: 468,408,468,396,514,396,514,408,0.906
img_114: 336,405,336,361,494,361,494,405,0.713
img_114: 335,350,335,303,474,303,474,350,0.543
img_115: 111,118,111,100,203,100,203,118,0.949
img_115: 259,76,259,55,377,55,377,76,0.946
img_115: 21,117,21,101,98,101,98,117,0.942
img_115: 390,75,390,57,456,57,456,75,0.931
img_115: 155,74,155,56,240,56,240,74,0.853
img_115: 265,51,265,13,467,13,467,51,0.83
img_115: 592,120,530,120,530,102,592,102,0.785
img_115: 233,49,139,49,139,11,233,11,0.747
img_115: 260,120,260,99,585,99,585,120,0.573
img_116: 239,86,239,44,283,44,283,86,0.603
img_117: 13,182,13,139,206,139,206,182,0.891
img_117: 13,54,13,4,291,4,291,54,0.878
img_117: 239,185,239,136,397,136,397,185,0.859
img_117: 420,187,420,135,621,135,621,187,0.844
img_117: 314,51,314,1,517,1,517,51,0.841
img_118: 108,465,108,430,310,430,310,465,0.841
img_118: 185,382,185,311,554,311,554,382,0.82
img_118: 76,377,76,310,202,310,202,377,0.814
img_118: 334,465,334,431,541,431,541,465,0.777
img_118: 157,422,157,388,334,388,334,422,0.77
img_119: 317,408,317,338,592,338,592,408,0.968
img_119: 81,413,81,343,263,343,263,413,0.924
img_119: 460,313,460,264,631,264,631,313,0.893
img_119: 31,318,31,253,249,253,249,318,0.863
img_119: 271,314,271,259,439,259,439,314,0.843
img_12: 1373,941,1157,941,1157,895,1373,895,0.986
img_12: 1432,944,1432,900,1629,900,1629,944,0.974
img_12: 908,934,908,890,1126,890,1126,934,0.97
img_12: 1601,946,1601,904,1635,904,1635,946,0.603
img_120: 316,450,316,415,336,415,336,450,0.984
img_120: 346,385,346,351,365,351,365,385,0.98
img_120: 405,386,405,352,424,352,424,386,0.98
img_120: 600,385,580,385,580,355,600,355,0.962
img_120: 436,451,436,416,454,416,454,451,0.955
img_120: 486,451,465,451,465,417,486,417,0.948
img_120: 605,454,584,454,584,419,605,419,0.936
img_120: 571,388,550,388,550,354,571,354,0.913
img_120: 541,387,522,387,522,353,541,353,0.91
img_120: 128,386,18,386,18,346,128,346,0.909
img_120: 638,454,616,454,616,420,638,420,0.868
img_120: 424,449,405,449,405,416,424,416,0.858
img_120: 15,448,15,399,255,399,255,448,0.849
img_120: 330,380,323,380,323,351,330,351,0.767
img_120: 515,452,496,452,496,418,515,418,0.711
img_120: 447,384,440,384,440,356,447,356,0.692
img_120: 610,388,610,356,631,356,631,388,0.607
img_120: 523,384,523,355,631,355,631,384,0.538
img_121: 156,443,156,353,502,353,502,443,0.871
img_121: 369,249,369,157,608,157,608,249,0.865
img_121: 235,318,235,260,418,260,418,318,0.81
img_121: 7,233,7,136,317,136,317,233,0.753
img_122: 286,367,251,367,251,351,286,351,0.992
img_122: 184,247,184,230,245,230,245,247,0.955
img_122: 242,309,242,292,294,292,294,309,0.942
img_122: 185,223,185,207,243,207,243,223,0.923
img_122: 232,306,192,306,192,291,232,291,0.921
img_122: 258,245,258,222,309,222,309,245,0.915
img_122: 163,367,163,348,242,348,242,367,0.908
img_123: 57,545,57,330,723,330,723,545,0.892
img_123: 728,548,728,331,1250,331,1250,548,0.759
img_124: 247,454,247,429,300,429,300,454,0.975
img_124: 404,353,276,353,276,331,404,331,0.96
img_124: 324,402,286,402,286,378,324,378,0.954
img_124: 342,400,342,381,394,381,394,400,0.912
img_124: 353,446,353,423,431,423,431,446,0.839
img_125: 805,435,805,366,988,366,988,435,0.965
img_125: 834,513,742,513,742,479,834,479,0.948
img_125: 708,432,302,432,302,366,708,366,0.933
img_125: 616,511,616,479,682,479,682,511,0.847
img_125: 452,516,452,476,710,476,710,516,0.737
img_126: 702,489,662,489,662,472,702,472,0.995
img_126: 696,441,696,426,751,426,751,441,0.979
img_126: 635,465,635,449,654,449,654,465,0.979
img_126: 548,489,548,471,650,471,650,489,0.969
img_126: 669,741,652,741,652,715,669,715,0.964
img_126: 664,442,664,423,682,423,682,442,0.954
img_126: 609,559,609,544,665,544,665,559,0.952
img_126: 608,535,608,515,711,515,711,535,0.935
img_126: 655,441,549,441,549,422,655,422,0.89
img_126: 581,466,581,447,623,447,623,466,0.789
img_126: 487,469,487,439,535,439,535,469,0.628
img_126: 758,555,720,555,720,525,758,525,0.537
img_127: 921,788,921,760,1000,760,1000,788,0.892
img_127: 913,751,913,718,1012,718,1012,751,0.873
img_127: 888,709,888,673,1036,673,1036,709,0.807
img_13: 40,325,40,172,394,172,394,325,0.909
img_13: 270,481,270,364,411,364,411,481,0.545
img_130: 866,381,712,366,717,310,871,326,0.965
img_130: 633,342,633,307,687,307,687,342,0.964
img_130: 601,346,290,308,299,233,610,272,0.889
img_130: 629,474,629,419,756,419,756,474,0.84
img_130: 291,452,291,373,598,373,598,452,0.799
img_130: 469,612,461,524,769,495,778,584,0.796
img_130: 553,395,553,345,610,345,610,395,0.684
img_130: 463,670,463,613,615,613,615,670,0.658
img_130: 520,392,289,365,297,298,528,325,0.621
img_131: 200,822,200,177,1242,177,1242,822,0.9
img_132: 367,458,337,458,337,429,367,429,0.988
img_132: 168,744,168,725,210,725,210,744,0.987
img_132: 64,907,64,880,317,880,317,907,0.979
img_132: 380,455,380,433,478,433,478,455,0.971
img_132: 320,745,320,724,398,724,398,745,0.968
img_132: 208,656,168,656,168,636,208,636,0.965
img_132: 282,799,282,780,349,780,349,799,0.965
img_132: 174,457,174,430,327,430,327,457,0.963
img_132: 477,855,421,855,421,833,477,833,0.961
img_132: 260,853,260,833,305,833,305,853,0.958
img_132: 210,606,168,606,168,583,210,583,0.958
img_132: 170,852,170,832,245,832,245,852,0.941
img_132: 220,657,220,636,312,636,312,657,0.941
img_132: 173,1009,173,988,291,988,291,1009,0.932
img_132: 518,910,427,910,427,885,518,885,0.931
img_132: 258,715,166,715,166,692,258,692,0.928
img_132: 405,854,321,854,321,832,405,832,0.928
img_132: 409,908,341,908,341,884,409,884,0.919
img_132: 412,746,412,727,500,727,500,746,0.916
img_132: 225,605,225,583,315,583,315,605,0.915
img_132: 400,715,400,693,489,693,489,715,0.908
img_132: 381,714,273,714,273,688,381,688,0.884
img_132: 268,799,168,799,168,777,268,777,0.879
img_132: 309,746,220,746,220,723,309,723,0.772
img_133: 867,682,867,646,986,646,986,682,0.794
img_134: 433,587,433,432,914,432,914,587,0.793
img_134: 740,958,740,449,1242,449,1242,958,0.547
img_135: 200,241,200,172,521,172,521,241,0.923
img_135: 216,348,216,289,350,289,350,348,0.878
img_135: 506,333,384,333,384,289,506,289,0.869
img_136: 358,346,358,151,1234,151,1234,346,0.975
img_136: 404,410,404,336,757,336,757,410,0.723
img_137: 627,532,627,461,761,461,761,532,0.93
img_138: 233,586,233,351,1203,351,1203,586,0.965
img_139: 67,538,67,172,1196,172,1196,538,0.973
img_139: 460,874,460,772,743,772,743,874,0.953
img_139: 536,644,509,644,509,588,536,588,0.911
img_139: 78,653,78,590,268,590,268,653,0.618
img_139: 505,648,505,585,669,585,669,648,0.547
img_139: 873,652,873,572,1232,572,1232,652,0.533
img_14: 367,130,337,130,337,110,367,110,0.993
img_14: 288,277,288,262,303,262,303,277,0.99
img_14: 214,70,214,36,413,36,413,70,0.97
img_14: 167,232,167,211,183,211,183,232,0.963
img_14: 463,276,435,276,435,263,463,263,0.96
img_14: 219,181,182,181,182,161,219,161,0.953
img_14: 237,181,237,161,254,161,254,181,0.946
img_14: 472,276,472,263,510,263,510,276,0.943
img_14: 121,275,121,261,168,261,168,275,0.942
img_14: 279,276,250,276,250,263,279,263,0.926
img_14: 151,233,121,233,121,207,151,207,0.909
img_14: 340,234,340,204,507,204,507,234,0.901
img_14: 313,277,313,262,337,262,337,277,0.897
img_14: 470,182,470,160,528,160,528,182,0.896
img_14: 241,440,241,421,312,421,312,440,0.891
img_14: 179,277,179,261,240,261,240,277,0.886
img_14: 124,138,124,102,312,102,312,138,0.876
img_14: 426,277,346,277,346,262,426,262,0.869
img_14: 20,182,20,153,162,153,162,182,0.859
img_14: 212,412,212,393,267,393,267,412,0.859
img_14: 545,180,545,153,608,153,608,180,0.856
img_14: 386,132,386,104,512,104,512,132,0.778
img_14: 321,437,321,422,391,422,391,437,0.75
img_14: 397,180,397,153,455,153,455,180,0.722
img_14: 381,182,270,182,270,153,381,153,0.712
img_14: 198,232,198,203,325,203,325,232,0.691
img_140: 540,894,540,840,672,840,672,894,0.792
img_140: 714,763,714,717,787,717,787,763,0.728
img_140: 716,827,432,827,432,764,716,764,0.687
img_140: 737,836,737,783,887,783,887,836,0.681
img_140: 439,690,439,617,772,617,772,690,0.656
img_140: 662,753,432,753,432,686,662,686,0.551
img_141: 698,710,636,710,636,685,698,685,0.947
img_141: 476,318,334,318,334,290,476,290,0.901
img_141: 32,384,32,286,266,286,266,384,0.877
img_142: 479,694,479,604,1226,604,1226,694,0.741
img_143: 556,601,556,532,716,532,716,601,0.896
img_143: 541,533,541,153,747,154,747,533,0.588
img_144: 368,911,368,861,673,861,673,911,0.909
img_144: 288,835,288,784,659,784,659,835,0.891
img_144: 731,831,731,783,973,783,973,831,0.861
img_144: 732,904,732,857,885,857,885,904,0.846
img_145: 115,534,115,438,1082,438,1082,534,0.9
img_146: 230,322,230,266,588,266,588,322,0.828
img_146: 54,323,54,268,254,268,254,323,0.689
img_146: 9,121,9,3,464,3,464,121,0.623
img_147: 647,868,647,719,1232,719,1232,868,0.901
img_147: 67,859,67,725,569,725,569,859,0.775
img_147: 651,856,651,723,767,723,767,856,0.741
img_148: 269,316,269,129,716,129,716,316,0.712
img_148: 223,525,223,339,535,339,535,525,0.7
img_148: 429,1034,176,1017,235,110,489,127,0.553
img_148: 208,695,208,625,248,625,248,695,0.534
img_149: 105,1191,105,1166,127,1166,127,1191,0.932
img_149: 166,1200,166,1146,247,1146,247,1200,0.908
img_149: 516,1204,516,1139,672,1139,672,1204,0.667
img_149: 257,1201,257,1140,494,1140,494,1201,0.592
img_15: 128,284,128,184,600,184,600,284,0.951
img_15: 430,313,430,278,600,278,600,313,0.604
img_150: 788,658,788,597,951,597,951,658,0.967
img_151: 23,317,23,37,420,37,420,317,0.943
img_151: 324,419,324,10,401,10,401,419,0.774
img_151: 191,396,191,33,264,33,264,396,0.75
img_151: 43,568,43,367,388,367,388,568,0.717
img_151: 40,550,40,12,148,12,148,550,0.585
img_152: 193,182,193,149,212,149,212,182,0.985
img_152: 46,437,46,379,403,379,403,437,0.932
img_152: 37,296,37,246,423,246,423,296,0.92
img_152: 19,438,4,438,4,428,19,428,0.865
img_152: 111,365,111,314,323,314,323,365,0.804
img_153: 275,263,275,211,556,211,556,263,0.944
img_153: 46,258,46,207,244,207,244,258,0.856
img_153: 511,479,511,458,607,458,607,479,0.765
img_153: 85,206,50,206,50,193,85,193,0.763
img_154: 201,512,201,498,226,498,226,512,0.995
img_154: 233,511,233,495,298,495,298,511,0.934
img_154: 205,272,205,265,255,265,255,272,0.703
img_155: 19,265,19,217,193,217,193,265,0.627
img_156: 181,259,46,259,46,206,181,206,0.909
img_156: 306,256,306,202,383,202,383,256,0.692
img_156: 46,257,46,200,542,200,542,257,0.59
img_157: 80,196,80,172,175,172,175,196,0.93
img_157: 233,228,195,228,195,210,233,210,0.894
img_157: 184,223,145,223,145,205,184,205,0.875
img_157: 283,214,196,205,198,182,285,191,0.751
img_158: 184,74,184,7,469,7,469,74,0.962
img_158: 244,239,244,200,445,200,445,239,0.842
img_158: 179,406,179,356,450,356,450,406,0.805
img_158: 189,258,189,249,227,249,227,258,0.657
img_159: 67,311,29,311,29,287,67,287,0.948
img_159: 158,319,102,319,102,292,158,292,0.924
img_159: 78,313,78,290,91,290,91,313,0.92
img_160: 60,321,38,154,482,94,504,261,0.98
img_161: 65,342,65,281,413,281,413,342,0.872
img_161: 73,270,73,204,405,204,405,270,0.826
img_162: 639,478,544,478,544,451,639,451,0.882
img_162: 317,478,317,444,452,444,452,478,0.858
img_163: 291,175,291,96,348,96,348,175,0.903
img_163: 550,175,516,175,516,160,550,160,0.884
img_163: 400,171,400,152,510,152,510,171,0.842
img_163: 399,166,399,152,418,152,418,166,0.66
img_164: 244,121,218,121,218,94,244,94,0.917
img_165: 236,237,175,237,175,206,236,206,0.897
img_165: 397,242,317,242,317,216,397,216,0.782
img_165: 537,242,413,242,413,217,537,217,0.765
img_165: 255,245,255,215,301,215,301,245,0.675
img_166: 503,286,503,223,539,223,539,286,0.869
img_166: 7,297,7,222,163,222,163,297,0.782
img_166: 237,314,237,297,281,297,281,314,0.731
img_167: 386,167,386,158,420,158,420,167,0.941
img_168: 184,293,184,259,501,259,501,293,0.598
img_169: 248,320,248,307,307,307,307,320,0.932
img_169: 321,300,298,300,298,286,321,286,0.922
img_169: 293,303,234,303,234,283,293,283,0.896
img_169: 235,339,235,326,265,326,265,339,0.895
img_169: 271,345,271,328,320,328,320,345,0.84
img_17: 1506,2371,1409,2371,1409,2307,1506,2307,0.99
img_17: 241,1656,241,1552,925,1552,925,1656,0.938
img_17: 1979,983,1979,886,2533,886,2533,983,0.922
img_17: 279,1423,279,1317,905,1317,905,1423,0.918
img_17: 290,1195,290,1085,942,1085,942,1195,0.91
img_17: 902,2365,902,2304,1020,2304,1020,2365,0.897
img_17: 290,972,290,867,914,867,914,972,0.881
img_17: 1159,1919,1159,783,1606,783,1606,1919,0.855
img_17: 252,1896,252,1782,858,1782,858,1896,0.814
img_17: 258,2567,258,2266,1630,2266,1630,2567,0.616
img_170: 491,314,491,298,526,298,526,314,0.942
img_170: 290,188,290,177,332,177,332,188,0.941
img_170: 464,313,464,301,480,301,480,313,0.924
img_170: 584,321,537,321,537,299,584,299,0.899
img_170: 297,170,297,159,326,159,326,170,0.872
img_170: 327,211,298,211,298,203,327,203,0.861
img_170: 325,310,325,286,444,286,444,310,0.846
img_170: 244,311,244,289,313,289,313,311,0.811
img_171: 626,403,138,403,138,346,626,346,0.823
img_172: 182,336,182,303,252,303,252,336,0.961
img_172: 286,336,286,299,535,299,535,336,0.961
img_172: 356,377,185,377,185,350,356,350,0.865
img_172: 255,261,255,71,466,71,466,261,0.82
img_172: 532,376,376,376,376,351,532,351,0.819
img_173: 147,274,147,263,245,263,245,274,0.86
img_173: 38,273,38,261,137,261,137,273,0.852
img_173: 256,275,256,261,331,261,331,275,0.756
img_174: 516,229,516,214,560,214,560,229,0.991
img_174: 573,227,573,212,617,212,617,227,0.954
img_175: 221,297,198,297,198,289,221,289,0.962
img_175: 283,297,252,297,252,289,283,289,0.89
img_175: 297,223,297,203,330,203,330,223,0.875
img_175: 246,296,225,296,225,289,246,289,0.852
img_175: 286,226,230,226,230,201,286,201,0.852
img_176: 139,187,139,149,392,149,392,187,0.797
img_176: 94,183,94,149,194,149,194,183,0.644
img_177: 238,283,238,264,297,264,297,283,0.945
img_177: 304,282,304,262,313,262,313,282,0.896
img_177: 387,280,319,280,319,263,387,263,0.863
img_177: 341,313,341,294,379,294,379,313,0.822
img_177: 173,245,173,190,306,190,306,245,0.717
img_177: 27,276,1,276,1,262,27,262,0.717
img_177: 325,317,249,317,249,297,325,297,0.672
img_177: 321,246,321,201,424,201,424,246,0.564
img_178: 480,154,465,154,465,142,480,142,0.986
img_178: 415,298,415,189,487,189,487,298,0.94
img_178: 371,174,371,163,401,163,401,174,0.934
img_178: 409,174,409,160,473,160,473,174,0.932
img_178: 487,153,487,141,537,141,537,153,0.918
img_178: 372,154,372,140,457,140,457,154,0.902
img_178: 505,172,481,172,481,161,505,161,0.846
img_18: 302,284,302,248,388,248,388,284,0.945
img_18: 477,337,346,337,346,297,477,297,0.844
img_18: 413,291,413,255,517,255,517,291,0.784
img_18: 512,244,322,244,322,195,512,195,0.777
img_180: 579,844,579,783,754,783,754,844,0.81
img_180: 603,751,603,674,738,674,738,751,0.798
img_181: 683,457,626,457,626,414,683,414,0.968
img_181: 256,458,256,410,593,410,593,458,0.926
img_181: 740,537,740,497,855,497,855,537,0.887
img_181: 698,469,698,412,1025,412,1025,469,0.82
img_181: 483,542,483,494,704,494,704,542,0.806
img_182: 293,548,293,441,562,441,562,548,0.905
img_183: 35,365,35,331,287,331,287,365,0.756
img_183: 279,377,279,337,505,337,505,377,0.649
img_184: 559,585,559,475,887,475,887,585,0.936
img_184: 488,719,488,616,909,616,909,719,0.896
img_184: 483,258,483,176,931,176,931,258,0.832
img_184: 478,142,478,66,940,67,940,142,0.674
img_185: 180,603,135,603,135,579,180,579,0.994
img_185: 411,598,411,553,610,553,610,598,0.945
img_185: 361,611,209,611,209,562,361,562,0.929
img_187: 66,194,66,89,466,90,466,194,0.92
img_187: 284,218,284,42,876,42,876,218,0.724
img_188: 77,402,77,334,157,334,157,402,0.971
img_188: 322,406,191,406,191,337,322,337,0.944
img_188: 629,431,498,425,502,339,633,345,0.852
img_188: 363,407,363,360,475,360,475,407,0.814
img_189: 93,193,93,117,541,117,541,193,0.765
img_189: 93,245,93,206,256,206,256,245,0.719
img_189: 296,249,296,207,525,207,525,249,0.687
img_19: 1072,381,1072,356,1093,356,1093,381,0.96
img_19: 513,680,513,607,793,607,793,680,0.897
img_19: 1023,382,1023,357,1044,357,1044,382,0.751
img_19: 514,499,514,428,740,428,740,499,0.655
img_19: 524,594,524,367,958,367,958,594,0.59
img_19: 513,584,513,513,832,513,832,584,0.578
img_19: 1158,378,1158,355,1175,355,1175,378,0.522
img_190: 53,628,53,616,88,616,88,628,0.97
img_190: 17,629,17,618,44,618,44,629,0.955
img_190: 135,458,135,425,251,425,251,458,0.868
img_190: 200,319,119,319,119,297,200,297,0.86
img_190: 252,405,252,388,272,388,272,405,0.855
img_190: 211,315,211,288,271,288,271,315,0.852
img_190: 198,360,198,330,262,330,262,360,0.829
img_190: 123,364,123,338,184,338,184,364,0.82
img_191: 82,218,82,102,553,102,553,218,0.886
img_191: 316,391,316,274,615,274,615,391,0.839
img_191: 20,395,20,279,266,279,266,395,0.697
img_192: 302,380,302,327,611,327,611,380,0.98
img_192: 1,387,1,330,238,330,238,387,0.843
img_193: 635,311,579,311,579,278,635,278,0.985
img_193: 751,358,751,326,821,326,821,358,0.955
img_193: 581,363,581,329,730,329,730,363,0.952
img_193: 583,408,583,376,681,376,681,408,0.903
img_193: 654,312,654,278,827,278,827,312,0.763
img_194: 272,136,272,93,347,93,347,136,0.96
img_194: 87,247,87,153,336,153,336,247,0.842
img_194: 58,369,58,268,466,268,466,369,0.821
img_194: 378,135,378,96,517,96,517,135,0.776
img_195: 212,382,212,366,239,366,239,382,0.949
img_195: 68,337,68,317,89,317,89,337,0.881
img_195: 163,194,163,62,412,62,412,194,0.839
img_195: 202,338,202,316,352,316,352,338,0.781
img_195: 260,388,260,353,454,353,454,388,0.76
img_195: 187,390,16,390,16,356,187,356,0.681
img_195: 96,336,96,319,141,319,141,336,0.563
img_196: 149,532,139,532,139,524,149,524,0.997
img_196: 201,536,158,536,158,525,201,525,0.944
img_196: 54,527,54,517,76,517,76,527,0.915
img_196: 87,504,53,504,53,495,87,495,0.88
img_196: 82,532,82,518,131,518,131,532,0.721
img_196: 169,510,97,510,97,498,169,498,0.687
img_197: 313,24,287,24,287,11,313,11,0.982
img_197: 211,82,211,63,306,63,306,82,0.949
img_197: 187,21,187,5,272,5,272,21,0.945
img_197: 327,27,327,10,456,10,456,27,0.915
img_197: 321,84,321,65,432,65,432,84,0.891
img_198: 261,968,239,968,239,955,261,955,0.987
img_198: 115,970,115,951,226,951,226,970,0.976
img_198: 371,969,270,969,270,949,371,949,0.949
img_198: 226,930,226,911,311,911,311,930,0.909
img_198: 115,929,115,913,212,913,212,929,0.881
img_198: 64,952,64,921,84,921,84,952,0.705
img_199: 264,157,264,99,412,99,412,157,0.702
img_199: 245,508,245,297,392,297,392,508,0.701
img_199: 755,793,447,780,457,540,765,553,0.61
img_2: 26,394,26,225,469,225,469,394,0.906
img_20: 433,687,433,605,630,605,630,687,0.886
img_20: 1027,652,432,618,439,492,1035,526,0.718
img_20: 166,684,166,477,337,477,337,684,0.6
img_200: 229,359,229,338,297,338,297,359,0.968
img_200: 305,357,304,330,460,326,461,353,0.824
img_201: 122,455,122,425,197,425,197,455,0.928
img_201: 74,207,74,193,145,193,145,207,0.894
img_201: 99,304,99,267,163,267,163,304,0.869
img_201: 152,208,152,196,243,196,243,208,0.828
img_201: 186,315,186,280,265,280,265,315,0.799
img_201: 290,307,290,270,413,270,413,307,0.79
img_201: 114,390,114,352,284,352,284,390,0.752
img_201: 526,391,310,391,310,355,526,355,0.748
img_201: 437,318,437,277,604,277,604,318,0.687
img_201: 215,464,213,434,333,428,335,459,0.622
img_202: 243,186,243,148,383,148,383,186,0.895
img_202: 66,379,66,243,634,243,634,379,0.76
img_203: 40,398,40,300,565,300,565,398,0.938
img_203: 201,125,201,46,430,46,430,125,0.826
img_203: 81,255,81,162,563,162,563,255,0.747
img_204: 382,467,382,446,482,446,482,467,0.981
img_204: 135,363,36,363,36,324,135,324,0.965
img_204: 493,467,493,446,635,446,635,467,0.956
img_204: 93,416,93,382,221,382,221,416,0.916
img_204: 175,361,175,321,298,321,298,361,0.72
img_205: 372,217,372,203,383,203,383,217,0.986
img_205: 306,221,306,203,362,203,362,221,0.963
img_205: 367,242,306,242,306,227,367,227,0.933
img_205: 311,199,311,191,369,191,369,199,0.861
img_205: 300,264,300,247,358,247,358,264,0.645
img_206: 73,603,73,581,200,581,200,603,0.953
img_206: 1042,608,1042,587,1175,587,1175,608,0.664
img_207: 905,519,826,519,826,485,905,485,0.978
img_207: 435,522,435,483,789,483,789,522,0.949
img_207: 437,464,437,430,534,430,534,464,0.928
img_207: 566,468,566,433,752,433,752,468,0.907
img_208: 77,786,77,659,642,659,642,786,0.929
img_208: 662,793,662,670,1248,670,1248,793,0.927
img_209: 233,567,233,545,363,545,363,567,0.989
img_209: 436,570,380,570,380,548,436,548,0.972
img_209: 447,574,447,550,530,550,530,574,0.914
img_209: 201,344,201,117,581,117,581,344,0.764
img_21: 74,443,74,421,189,421,189,443,0.937
img_21: 424,442,424,414,541,414,541,442,0.925
img_21: 165,89,102,89,102,52,165,52,0.9
img_21: 363,288,363,256,483,256,483,288,0.894
img_21: 181,94,181,47,506,48,506,94,0.887
img_21: 233,208,233,175,355,175,355,208,0.856
img_21: 125,290,125,249,277,249,277,290,0.854
img_21: 379,147,291,147,291,109,379,109,0.843
img_21: 300,344,262,344,262,308,300,308,0.836
img_21: 209,449,209,419,404,419,404,449,0.8
img_21: 488,147,402,147,402,109,488,109,0.789
img_21: 74,355,74,310,233,310,233,355,0.759
img_21: 149,155,149,112,268,112,268,155,0.693
img_21: 344,288,298,288,298,253,344,253,0.648
img_21: 329,354,329,307,551,307,551,354,0.588
img_210: 620,484,620,456,759,456,759,484,0.974
img_210: 429,482,429,455,598,455,598,482,0.968
img_210: 781,487,781,461,933,461,933,487,0.951
img_211: 566,555,566,508,717,508,717,555,0.917
img_211: 558,375,558,348,721,348,721,375,0.894
img_211: 527,472,527,427,754,427,754,472,0.887
img_212: 131,243,131,212,201,212,201,243,0.897
img_212: 204,280,130,280,130,254,204,254,0.848
img_213: 480,758,233,758,233,714,480,714,0.964
img_213: 223,555,223,482,501,482,501,555,0.912
img_213: 467,695,250,695,250,650,467,650,0.901
img_213: 306,625,306,589,417,589,417,625,0.876
img_214: 928,300,928,277,1023,277,1023,300,0.99
img_214: 889,193,889,160,970,160,970,193,0.935
img_214: 1055,193,980,193,980,167,1055,167,0.874
img_214: 1049,257,895,257,895,229,1049,229,0.85
img_214: 194,121,1,94,12,22,204,50,0.681
img_214: 20,195,20,149,205,149,205,195,0.598
img_215: 598,919,598,852,1102,852,1102,919,0.979
img_215: 56,777,56,501,1080,501,1080,777,0.905
img_215: 97,913,97,838,437,838,437,913,0.903
img_216: 467,420,467,357,510,357,510,420,0.967
img_216: 657,420,551,420,551,361,657,361,0.775
img_217: 877,389,877,351,1015,351,1015,389,0.979
img_217: 447,501,447,454,610,454,610,501,0.972
img_217: 707,497,707,451,913,451,913,497,0.915
img_217: 333,408,333,358,796,358,796,408,0.891
img_218: 596,369,596,159,1034,160,1034,369,0.729
img_219: 941,344,842,344,842,300,941,300,0.95
img_219: 275,309,275,231,400,231,400,309,0.942
img_219: 470,324,470,245,592,245,592,324,0.91
img_219: 917,288,917,222,1115,222,1115,288,0.68
img_219: 815,139,815,22,921,22,921,139,0.653
img_22: 351,289,331,289,331,279,351,279,0.94
img_22: 373,289,358,289,358,279,373,279,0.929
img_22: 421,291,377,291,377,281,421,281,0.855
img_22: 209,245,209,171,486,171,486,245,0.853
img_22: 326,223,206,223,206,189,326,189,0.707
img_22: 328,288,245,288,245,275,328,275,0.609
img_22: 310,288,310,277,326,277,326,288,0.597
img_22: 273,285,248,285,248,274,273,274,0.576
img_220: 740,1191,616,1191,616,1165,740,1165,0.958
img_220: 599,1227,599,1204,760,1204,760,1227,0.879
img_220: 635,1266,635,1240,727,1240,727,1266,0.873
img_220: 548,1152,548,893,789,893,789,1152,0.77
img_220: 740,1225,740,1203,759,1203,759,1225,0.607
img_221: 412,843,412,811,478,811,478,843,0.965
img_221: 550,579,550,546,619,546,619,579,0.95
img_221: 507,520,369,520,369,475,507,475,0.905
img_221: 320,581,262,581,262,547,320,547,0.821
img_222: 456,636,456,530,824,530,824,636,0.946
img_223: 73,617,73,308,309,308,309,617,0.744
img_224: 151,98,151,54,222,54,222,98,0.963
img_224: 258,111,258,55,564,55,564,111,0.93
img_224: 798,753,798,558,1269,558,1269,753,0.929
img_224: 477,493,477,316,1262,316,1262,493,0.921
img_224: 603,117,603,59,751,59,751,117,0.907
img_224: 1132,123,1132,76,1271,76,1271,123,0.877
img_224: 1095,126,790,126,790,66,1095,66,0.802
img_224: 119,958,119,927,220,927,220,958,0.759
img_225: 450,553,305,553,305,512,450,512,0.959
img_225: 147,551,147,509,275,509,275,551,0.955
img_225: 530,745,158,745,158,701,530,701,0.927
img_225: 153,357,153,309,646,309,646,357,0.922
img_225: 138,148,138,100,451,100,451,148,0.889
img_225: 971,404,971,250,1102,250,1102,404,0.803
img_225: 846,736,792,736,792,695,846,695,0.689
img_225: 952,616,952,466,1089,466,1089,616,0.666
img_225: 975,205,975,71,1100,71,1100,205,0.647
img_225: 906,827,906,18,1105,18,1105,827,0.636
img_225: 947,781,947,657,1071,657,1071,781,0.636
img_226: 583,419,583,397,680,397,680,419,0.894
img_227: 512,447,512,354,888,354,888,447,0.852
img_227: 179,448,179,355,473,355,473,448,0.841
img_227: 68,663,65,460,1005,448,1008,652,0.779
img_227: 79,638,79,462,334,462,334,638,0.571
img_228: 4,522,4,417,674,417,674,522,0.88
img_229: 421,1365,421,943,2479,943,2479,1365,0.89
img_229: 1149,2335,1149,1866,2299,1866,2299,2335,0.845
img_229: 448,903,448,457,1986,457,1986,903,0.838
img_229: 414,1824,414,1422,1529,1422,1529,1824,0.807
img_23: 981,2160,981,2062,1146,2062,1146,2160,0.999
img_23: 2538,1580,2538,1499,2880,1499,2880,1580,0.992
img_23: 2980,1700,2813,1700,2813,1618,2980,1618,0.989
img_23: 1802,287,1802,189,2183,189,2183,287,0.988
img_23: 1189,2155,1189,2053,1462,2053,1462,2155,0.987
img_23: 2964,2064,2964,1965,3054,1965,3054,2064,0.987
img_23: 2389,1585,2389,1500,2494,1500,2494,1585,0.982
img_23: 949,1119,949,905,1221,905,1221,1119,0.977
img_23: 2389,1329,2389,1240,2785,1240,2785,1329,0.976
img_23: 1924,1102,1924,905,2746,905,2746,1102,0.946
img_23: 935,321,935,180,1716,181,1716,321,0.92
img_23: 2387,1469,2387,1369,3028,1369,3028,1469,0.914
img_23: 2413,1731,2413,1627,2781,1627,2781,1731,0.89
img_23: 1032,796,1032,579,2025,579,2025,796,0.883
img_23: 1332,1097,1332,912,1777,912,1777,1097,0.856
img_23: 2157,801,2157,589,2761,589,2761,801,0.796
img_230: 164,170,164,120,323,120,323,170,0.92
img_230: 78,453,78,383,409,383,409,453,0.812
img_230: 82,332,82,277,412,277,412,332,0.804
img_231: 1082,1012,1082,922,1427,922,1427,1012,0.922
img_231: 850,885,850,789,1412,789,1412,885,0.922
img_231: 695,682,695,43,896,43,896,682,0.848
img_231: 190,993,190,929,624,929,624,993,0.669
img_231: 174,912,174,795,770,795,770,912,0.644
img_231: 449,998,449,924,1018,924,1018,998,0.535
img_233: 61,251,61,145,174,145,174,251,0.936
img_233: 84,251,84,141,562,141,562,251,0.924
img_233: 163,365,163,269,472,269,472,365,0.882
img_24: 439,225,276,225,276,198,439,198,0.916
img_24: 362,540,362,528,442,528,442,540,0.875
img_24: 279,176,279,124,435,124,435,176,0.847
img_25: 36,236,36,178,454,178,454,236,0.668
img_25: 357,232,357,194,393,194,393,232,0.548
img_26: 2030,1274,1961,1274,1961,1231,2030,1231,0.993
img_26: 2084,687,2084,542,2438,542,2438,687,0.986
img_26: 2258,1270,2258,1216,2466,1216,2466,1270,0.986
img_26: 2071,1273,2071,1219,2222,1219,2222,1273,0.984
img_26: 1957,1447,1957,1412,2114,1412,2114,1447,0.97
img_26: 2227,1443,2227,1409,2310,1409,2310,1443,0.968
img_26: 2058,798,2058,754,2319,754,2319,798,0.954
img_26: 2204,1443,2137,1443,2137,1411,2204,1411,0.946
img_26: 1930,1448,1717,1448,1717,1412,1930,1412,0.938
img_26: 2426,786,2334,786,2334,745,2426,745,0.931
img_26: 1839,807,1839,765,2038,765,2038,807,0.912
img_26: 2339,1444,2339,1411,2472,1411,2472,1444,0.901
img_27: 972,1241,972,853,1420,853,1420,1241,0.92
img_27: 2993,567,2993,445,3488,445,3488,567,0.88
img_27: 2786,514,2786,446,2927,446,2927,514,0.865
img_27: 860,1468,860,1361,1216,1361,1216,1468,0.825
img_27: 2985,454,2985,333,3686,333,3686,454,0.819
img_27: 372,921,372,219,1562,219,1562,921,0.757
img_27: 1283,1464,1283,1371,1665,1371,1665,1464,0.723
img_27: 2830,224,2830,1,3462,1,3462,224,0.567
img_28: 76,433,76,340,473,340,473,433,0.844
img_28: 55,214,55,107,586,107,586,214,0.818
img_28: 101,322,101,240,454,240,454,322,0.744
img_28: 223,90,223,35,408,35,408,90,0.654
img_29: 1750,1914,1750,1860,1911,1860,1911,1914,0.969
img_29: 1941,1932,1932,1835,2383,1794,2392,1891,0.935
img_29: 1311,1843,1311,1629,2293,1629,2293,1843,0.882
img_3: 43,392,43,296,566,296,566,392,0.889
img_3: 229,261,229,149,401,149,401,261,0.736
img_30: 82,590,82,248,931,248,931,590,0.939
img_30: 804,572,804,251,1138,251,1138,572,0.779
img_31: 99,336,99,326,133,326,133,336,0.969
img_31: 374,344,374,331,439,331,439,344,0.941
img_31: 110,315,110,269,425,269,425,315,0.911
img_31: 193,342,193,324,362,324,362,342,0.859
img_31: 178,336,142,336,142,326,178,326,0.822
img_31: 174,240,174,58,351,58,351,240,0.777
img_32: 381,232,381,216,393,216,393,232,0.979
img_32: 127,225,127,209,142,209,142,225,0.969
img_32: 414,232,414,216,427,216,427,232,0.96
img_32: 448,233,448,217,460,217,460,233,0.956
img_32: 493,234,481,234,481,217,493,217,0.922
img_32: 160,226,160,210,173,210,173,226,0.899
img_32: 408,383,408,366,436,366,436,383,0.884
img_32: 51,191,51,104,583,104,583,191,0.816
img_32: 322,342,322,308,487,308,487,342,0.766
img_32: 461,382,461,366,477,366,477,382,0.728
img_32: 274,338,122,338,122,304,274,304,0.698
img_32: 386,382,354,382,354,363,386,363,0.684
img_32: 63,112,63,43,567,43,567,112,0.607
img_33: 85,335,85,244,531,244,531,335,0.701
img_33: 332,375,332,355,354,355,354,375,0.605
img_33: 217,376,217,355,408,355,408,376,0.593
img_34: 250,2479,93,2436,121,2334,278,2377,0.695
img_34: 306,2332,104,2300,123,2185,325,2217,0.67
img_34: 1416,1811,1416,1609,2112,1609,2112,1811,0.538
img_35: 387,272,387,221,554,221,554,272,0.824
img_35: 319,311,319,149,563,150,563,311,0.614
img_36: 305,631,219,631,219,614,305,614,0.969
img_36: 319,611,206,611,206,587,319,587,0.934
img_37: 1312,555,1239,555,1239,444,1312,444,0.99
img_37: 781,614,700,614,700,568,781,568,0.953
img_37: 814,614,814,560,1198,560,1198,614,0.91
img_37: 397,394,397,238,1308,238,1308,394,0.844
img_37: 361,528,361,441,1310,441,1310,528,0.64
img_38: 1785,1256,1658,1256,1658,1203,1785,1203,0.867
img_38: 1649,1127,1649,751,2062,751,2062,1127,0.757
img_38: 2092,1253,1809,1253,1809,1191,2092,1191,0.745
img_39: 1503,605,1503,547,1690,547,1690,605,0.977
img_39: 1613,1123,1613,1069,1720,1069,1720,1123,0.945
img_39: 1461,784,1461,717,1754,717,1754,784,0.921
img_39: 1439,1051,1439,986,1810,986,1810,1051,0.905
img_39: 1486,871,1486,802,1593,802,1593,871,0.903
img_39: 1578,681,1578,624,1693,624,1693,681,0.902
img_39: 1471,971,1471,900,1775,900,1775,971,0.876
img_39: 1741,862,1632,862,1632,808,1741,808,0.852
img_4: 1180,455,1180,359,1532,359,1532,455,0.83
img_4: 1707,2259,1707,2003,2678,2003,2678,2259,0.815
img_4: 1609,469,1609,372,1834,372,1834,469,0.807
img_4: 1855,481,1855,406,1954,406,1954,481,0.751
img_4: 1174,591,1174,475,1957,475,1957,591,0.642
img_4: 1749,726,1749,681,1826,681,1826,726,0.601
img_4: 1430,1605,1430,1014,2783,1014,2783,1605,0.531
img_40: 703,115,703,83,1113,83,1113,115,0.977
img_40: 617,1168,597,1168,597,1148,617,1148,0.853
img_40: 752,1169,752,1149,770,1149,770,1169,0.805
img_40: 1203,222,616,222,616,142,1203,142,0.748
img_40: 931,892,931,830,1192,830,1192,892,0.614
img_41: 67,269,67,165,468,165,468,269,0.553
img_42: 12,457,12,197,579,197,579,457,0.885
img_42: 291,286,291,93,578,93,578,286,0.596
img_43: 172,174,172,158,240,158,240,174,0.925
img_43: 167,176,167,28,269,28,269,176,0.812
img_43: 373,473,373,194,391,194,391,473,0.559
img_44: 2231,1334,2231,1264,2584,1264,2584,1334,0.997
img_44: 2070,1353,2070,1241,2167,1241,2167,1353,0.995
img_44: 665,1379,665,1312,924,1312,924,1379,0.99
img_44: 2948,1535,2948,1465,3275,1465,3275,1535,0.975
img_44: 7,1407,7,1295,284,1295,284,1407,0.97
img_44: 1470,1321,1470,1241,1854,1241,1854,1321,0.969
img_44: 1317,1384,1317,1272,1397,1272,1397,1384,0.949
img_44: 2947,1308,2947,1247,3285,1247,3285,1308,0.944
img_44: 1465,1419,1465,1346,1828,1346,1828,1419,0.933
img_44: 673,1632,673,1560,1078,1560,1078,1632,0.878
img_44: 1488,1602,1488,1520,1947,1520,1947,1602,0.874
img_44: 484,1657,484,1536,610,1536,610,1657,0.858
img_44: 1303,1615,1303,1496,1420,1496,1420,1615,0.526
img_44: 477,1419,477,1278,605,1278,605,1419,0.522
img_45: 2878,1311,2878,1061,3193,1061,3193,1311,0.949
img_45: 610,2486,610,2102,744,2102,744,2486,0.949
img_45: 854,2209,854,2107,1206,2107,1206,2209,0.944
img_45: 832,2477,832,2372,1922,2372,1922,2477,0.919
img_45: 553,1314,553,1033,1291,1033,1291,1314,0.902
img_45: 832,2346,832,2237,1453,2237,1453,2346,0.895
img_45: 1890,2344,1890,2241,2387,2241,2387,2344,0.88
img_45: 1539,2341,1539,2242,1785,2242,1785,2341,0.869
img_45: 1375,989,1375,703,2646,703,2646,989,0.852
img_45: 1311,2210,1311,2108,2099,2108,2099,2210,0.816
img_45: 2156,2488,2156,2379,3357,2379,3357,2488,0.687
img_45: 1945,1306,1945,1068,2795,1068,2795,1306,0.641
img_45: 2494,2350,2494,2233,3047,2233,3047,2350,0.623
img_45: 1554,1291,1554,1046,1690,1046,1690,1291,0.559
img_46: 501,430,501,401,592,401,592,430,0.963
img_46: 61,431,61,404,214,404,214,431,0.909
img_46: 243,431,243,400,469,400,469,431,0.855
img_47: 482,479,482,406,814,406,814,479,0.918
img_47: 363,399,363,280,897,280,897,399,0.847
img_47: 904,242,47,242,47,159,904,159,0.845
img_47: 187,375,187,305,249,305,249,375,0.784
img_48: 433,527,433,460,680,460,680,527,0.917
img_48: 326,445,326,314,777,314,777,445,0.882
img_48: 689,817,332,817,332,727,689,727,0.868
img_48: 360,637,360,558,721,558,721,637,0.856
img_48: 539,928,321,923,323,825,541,830,0.79
img_48: 726,793,726,732,777,732,777,793,0.546
img_49: 1471,1041,1370,1041,1370,1022,1471,1022,0.995
img_49: 329,457,329,370,926,370,926,457,0.954
img_49: 872,488,872,471,936,471,936,488,0.9
img_49: 947,488,947,469,1016,469,1016,488,0.898
img_49: 825,487,825,469,858,469,858,487,0.883
img_49: 768,486,768,469,811,469,811,486,0.754
img_49: 894,457,894,371,1365,371,1365,457,0.732
img_5: 152,353,152,181,603,181,603,353,0.953
img_5: 49,252,21,252,21,226,49,226,0.944
img_5: 24,258,24,225,110,225,110,258,0.724
img_50: 417,468,394,468,394,462,417,462,0.977
img_50: 535,470,535,464,546,464,546,470,0.963
img_50: 107,170,107,88,561,89,561,170,0.863
img_50: 506,469,423,469,423,463,506,463,0.833
img_50: 530,469,512,469,512,464,530,464,0.79
img_51: 185,853,113,853,113,794,185,794,0.957
img_51: 127,965,127,904,294,904,294,965,0.938
img_51: 514,757,514,679,857,679,857,757,0.909
img_51: 110,750,110,680,467,680,467,750,0.9
img_51: 808,108,808,87,888,87,888,108,0.891
img_51: 111,639,111,562,396,562,396,639,0.888
img_51: 216,857,216,796,413,796,413,857,0.706
img_51: 756,862,459,862,459,795,756,795,0.681
img_52: 723,160,723,97,907,97,907,160,0.938
img_52: 315,160,315,93,455,94,455,160,0.936
img_52: 665,160,520,160,520,94,665,94,0.879
img_53: 616,250,616,200,744,200,744,250,0.99
img_53: 645,166,563,166,563,119,645,119,0.971
img_53: 25,165,25,116,479,116,479,165,0.967
img_53: 191,251,191,196,544,196,544,251,0.841
img_53: 721,165,721,114,1208,114,1208,165,0.818
img_53: 829,247,829,195,1053,195,1053,247,0.665
img_54: 661,253,661,225,772,225,772,253,0.928
img_54: 824,253,824,217,862,217,862,253,0.894
img_54: 51,935,51,811,457,811,457,935,0.882
img_54: 837,939,837,827,1231,827,1231,939,0.856
img_54: 586,558,586,495,781,495,781,558,0.832
img_54: 1131,247,1131,224,1228,224,1228,247,0.803
img_54: 484,940,484,831,819,831,819,940,0.753
img_55: 722,380,585,380,585,296,722,296,0.977
img_55: 233,278,233,154,1155,154,1155,278,0.919
img_55: 112,829,112,464,1069,464,1069,829,0.63
img_56: 475,600,475,486,905,486,905,600,0.903
img_58: 265,921,265,851,564,851,564,921,0.905
img_58: 700,915,606,915,606,853,700,853,0.871
img_58: 735,910,735,851,836,851,836,910,0.864
img_58: 162,796,162,495,1209,495,1209,796,0.697
img_58: 977,797,977,366,1231,366,1231,797,0.61
img_58: 192,467,192,358,709,358,709,467,0.545
img_59: 513,562,513,526,780,526,780,562,0.954
img_59: 518,588,518,569,680,569,680,588,0.752
img_59: 700,590,700,573,780,573,780,590,0.677
img_59: 533,515,533,482,759,482,759,515,0.667
img_6: 64,383,64,254,473,254,473,383,0.786
img_6: 12,235,12,130,623,130,623,235,0.77
img_6: 32,234,32,125,178,125,178,234,0.6
img_60: 33,314,33,45,1077,45,1077,314,0.989
img_61: 371,499,371,446,516,446,516,499,0.966
img_61: 826,514,826,455,1000,455,1000,514,0.941
img_61: 570,507,570,451,769,451,769,507,0.938
img_62: 570,529,487,529,487,498,570,498,0.975
img_62: 459,584,459,557,600,557,600,584,0.944
img_62: 153,533,153,499,464,499,464,533,0.889
img_62: 127,593,127,559,433,559,433,593,0.86
img_63: 582,419,582,397,681,397,681,419,0.918
img_64: 56,590,56,327,1162,327,1162,590,0.954
img_64: 737,820,737,739,988,739,988,820,0.892
img_64: 357,825,357,735,672,735,672,825,0.869
img_66: 238,893,238,847,459,847,459,893,0.875
img_66: 230,424,230,339,623,339,623,424,0.749
img_66: 480,903,480,862,622,862,622,903,0.658
img_67: 322,321,322,278,610,278,610,321,0.949
img_67: 639,326,639,286,959,286,959,326,0.898
img_67: 1001,330,1001,290,1149,290,1149,330,0.881
img_67: 170,907,170,851,992,851,992,907,0.879
img_67: 35,307,35,257,283,257,283,307,0.827
img_67: 186,905,186,864,422,864,422,905,0.677
img_67: 300,227,300,129,358,129,358,227,0.616
img_67: 542,252,542,142,1144,142,1144,252,0.568
img_68: 531,223,531,203,604,203,604,223,0.946
img_68: 13,192,13,134,233,134,233,192,0.86
img_68: 287,188,287,138,494,138,494,188,0.857
img_68: 531,230,306,230,306,204,531,204,0.762
img_68: 34,228,34,206,237,206,237,228,0.76
img_68: 509,187,509,149,626,149,626,187,0.703
img_68: 258,187,258,153,314,153,314,187,0.66
img_68: 247,227,247,211,295,211,295,227,0.644
img_69: 1138,147,1138,100,1262,100,1262,147,0.947
img_7: 107,445,107,389,383,389,383,445,0.975
img_7: 479,442,479,391,593,391,593,442,0.834
img_7: 117,274,117,220,394,220,394,274,0.792
img_7: 119,358,119,299,365,299,365,358,0.782
img_7: 119,116,119,78,364,78,364,116,0.75
img_7: 127,57,127,19,206,19,206,57,0.733
img_7: 309,191,128,191,128,139,309,139,0.66
img_7: 235,76,235,23,503,23,503,76,0.656
img_70: 542,711,542,398,1242,398,1242,711,0.901
img_70: 76,740,76,391,818,391,818,740,0.74
img_71: 35,874,35,707,458,707,458,874,0.962
img_71: 625,902,625,731,1148,731,1148,902,0.752
img_72: 467,745,467,685,705,685,705,745,0.92
img_72: 228,859,228,779,741,779,741,859,0.919
img_72: 243,737,243,688,455,688,455,737,0.867
img_72: 758,858,758,783,1088,783,1088,858,0.829
img_72: 713,742,713,693,967,693,967,742,0.547
img_73: 392,772,392,757,448,757,448,772,0.991
img_73: 537,772,537,755,605,755,605,772,0.978
img_73: 465,793,465,779,529,779,529,793,0.932
img_73: 359,589,359,477,632,477,632,589,0.927
img_73: 462,774,462,756,524,756,524,774,0.891
img_73: 317,452,317,350,695,350,695,452,0.806
img_74: 591,195,591,162,620,162,620,195,0.891
img_74: 122,1122,122,966,788,966,788,1122,0.875
img_74: 486,193,486,165,506,165,506,193,0.791
img_74: 384,194,384,164,455,164,455,194,0.75
img_74: 415,611,415,524,500,524,500,611,0.679
img_74: 379,194,379,160,631,160,631,194,0.615
img_74: 301,853,301,741,773,741,773,853,0.543
img_74: 539,192,539,164,562,164,562,192,0.523
img_75: 433,394,433,302,682,302,682,394,0.972
img_75: 219,709,219,634,280,634,280,709,0.908
img_75: 268,882,268,801,326,801,326,882,0.849
img_75: 233,725,233,636,569,636,569,725,0.762
img_75: 454,567,454,482,828,482,828,567,0.746
img_75: 210,217,210,128,400,128,400,217,0.706
img_75: 260,901,260,805,887,805,887,901,0.669
img_75: 723,901,723,815,882,815,882,901,0.651
img_75: 702,1061,702,979,926,979,926,1061,0.568
img_75: 175,1048,175,960,655,960,655,1048,0.556
img_77: 674,714,674,551,1146,551,1146,714,0.868
img_77: 204,720,204,547,557,547,557,720,0.739
img_78: 1275,958,1237,958,1237,942,1275,942,0.984
img_78: 315,502,315,455,451,455,451,502,0.965
img_78: 276,590,276,525,481,525,481,590,0.813
img_79: 438,245,361,245,361,212,438,212,0.915
img_79: 349,195,349,156,454,156,454,195,0.847
img_8: 1140,1013,1140,999,1208,999,1208,1013,0.959
img_8: 708,360,708,312,1092,312,1092,360,0.926
img_8: 1068,1014,1068,1002,1131,1002,1131,1014,0.91
img_8: 664,297,664,227,1141,227,1141,297,0.833
img_8: 1154,969,1154,956,1207,956,1207,969,0.746
img_8: 762,297,762,230,842,230,842,297,0.728
img_8: 763,422,763,371,1061,371,1061,422,0.705
img_8: 1064,1042,1064,1025,1216,1025,1216,1042,0.625
img_8: 1113,985,1113,969,1208,969,1208,985,0.571
img_8: 632,278,632,260,648,260,648,278,0.549
img_80: 481,561,481,535,632,535,632,561,0.942
img_80: 649,558,649,526,827,526,827,558,0.885
img_80: 437,705,437,685,578,685,578,705,0.834
img_80: 774,697,774,679,880,679,880,697,0.815
img_80: 583,701,583,681,756,681,756,701,0.694
img_81: 419,594,419,464,911,464,911,594,0.91
img_81: 987,867,987,847,1051,847,1051,867,0.802
img_81: 73,337,56,311,72,300,89,326,0.705
img_82: 27,715,27,295,1251,296,1251,715,0.979
img_82: 917,694,917,223,1214,223,1214,694,0.852
img_82: 110,737,110,313,365,313,365,737,0.681
img_83: 566,386,566,321,842,321,842,386,0.974
img_83: 569,651,569,575,849,575,849,651,0.93
img_83: 468,482,468,415,925,415,925,482,0.842
img_84: 93,204,93,74,1063,74,1063,204,0.77
img_84: 203,530,203,468,257,468,257,530,0.692
img_84: 1079,549,1079,526,1208,526,1208,549,0.687
img_85: 819,509,590,509,590,470,819,470,0.893
img_86: 154,754,154,710,325,710,325,754,0.837
img_86: 159,808,159,791,275,791,275,808,0.675
img_87: 745,213,745,162,977,162,977,213,0.974
img_87: 270,728,270,679,488,679,488,728,0.932
img_87: 374,213,374,158,691,158,691,213,0.844
img_87: 538,728,538,684,584,684,584,728,0.774
img_88: 915,524,664,524,664,413,915,413,0.9
img_88: 1037,328,778,328,778,248,1037,248,0.842
img_88: 790,706,790,610,1033,610,1033,706,0.802
img_88: 659,836,659,773,903,773,903,836,0.769
img_88: 637,190,637,129,890,129,890,190,0.575
img_89: 651,754,651,651,1037,651,1037,754,0.906
img_89: 949,612,685,612,685,505,949,505,0.853
img_89: 315,765,315,629,595,629,595,765,0.853
img_89: 413,593,413,494,632,494,632,593,0.821
img_9: 305,545,265,545,265,516,305,516,0.988
img_9: 318,548,318,520,441,520,441,548,0.928
img_9: 301,489,29,489,29,467,301,467,0.886
img_9: 246,453,246,423,438,423,438,453,0.876
img_9: 440,499,325,499,325,470,440,470,0.87
img_9: 32,545,32,513,237,513,237,545,0.81
img_9: 184,386,184,178,263,178,263,386,0.781
img_9: 25,458,25,423,220,423,220,458,0.758
img_90: 12,575,12,525,212,525,212,575,0.862
img_90: 234,571,234,523,438,523,438,571,0.831
img_91: 669,233,669,193,800,193,800,233,0.989
img_91: 641,706,610,706,610,679,641,679,0.988
img_91: 490,510,490,484,537,484,537,510,0.986
img_91: 506,662,506,635,628,635,628,662,0.981
img_91: 484,234,484,198,628,198,628,234,0.98
img_91: 464,788,464,769,555,769,555,788,0.979
img_91: 739,785,739,766,831,766,831,785,0.975
img_91: 594,713,460,713,460,685,594,685,0.945
img_91: 778,662,693,662,693,637,778,637,0.936
img_91: 785,554,718,554,718,525,785,525,0.935
img_91: 674,661,641,661,641,636,674,636,0.916
img_91: 592,599,592,577,681,577,681,599,0.894
img_91: 701,554,633,554,633,526,701,526,0.887
img_91: 552,510,552,480,803,480,803,510,0.868
img_91: 566,788,566,767,730,767,730,788,0.863
img_91: 618,559,524,559,524,533,618,533,0.815
img_91: 659,711,659,679,832,679,832,711,0.785
img_92: 943,805,943,773,1056,773,1056,805,0.983
img_92: 1080,823,1080,779,1160,779,1160,823,0.92
img_92: 1114,909,928,901,930,860,1116,867,0.904
img_92: 927,864,927,832,1109,832,1109,864,0.78
img_93: 186,369,186,187,616,188,616,369,0.885
img_93: 581,390,581,139,901,140,901,390,0.639
img_94: 500,540,500,497,673,497,673,540,0.941
img_94: 329,539,329,496,468,496,468,539,0.938
img_95: 494,467,492,369,806,363,808,461,0.917
img_95: 504,612,504,524,813,524,813,612,0.894
img_96: 465,479,465,443,587,443,587,479,0.924
img_96: 558,569,558,526,758,526,758,569,0.902
img_96: 636,483,636,432,1068,432,1068,483,0.854
img_97: 704,600,704,493,919,493,919,600,0.808
img_97: 315,600,315,496,655,496,655,600,0.651
img_98: 330,824,330,776,485,776,485,824,0.989
img_98: 551,611,551,565,697,565,697,611,0.964
img_98: 516,822,516,769,606,769,606,822,0.959
img_98: 757,823,757,772,914,772,914,823,0.895
img_98: 1006,371,1006,348,1152,348,1152,371,0.869
img_98: 220,746,220,644,1050,644,1050,746,0.848
img_98: 732,835,637,835,637,772,732,772,0.589
img_99: 529,764,529,741,654,741,654,764,0.97
img_99: 835,792,835,773,911,773,911,792,0.954
img_99: 461,761,461,741,513,741,513,761,0.938
img_99: 1041,763,910,763,910,740,1041,740,0.937
img_99: 928,791,928,768,1101,768,1101,791,0.937
img_99: 713,762,713,743,816,743,816,762,0.931
img_99: 836,763,836,741,894,741,894,763,0.856
img_99: 693,794,611,794,611,771,693,771,0.846
img_99: 360,791,360,768,520,768,520,791,0.846
img_99: 711,796,711,774,813,774,813,796,0.821
img_99: 531,793,531,773,593,773,593,793,0.794
img_99: 696,766,664,766,664,744,696,744,0.694
