99: 342,158,342,137,442,137,442,158,0.914
99: 464,193,340,193,340,171,464,171,0.803
99: 340,133,340,111,431,111,431,133,0.762
99: 647,302,578,302,578,291,647,291,0.654
99: 650,287,593,287,593,277,650,277,0.616
99: 642,314,579,314,579,304,642,304,0.566
100: 449,175,384,175,384,147,449,147,0.988
100: 560,188,529,188,529,174,560,174,0.952
100: 530,251,530,236,558,236,558,251,0.871
100: 525,173,476,173,476,146,525,146,0.831
100: 385,233,385,206,523,206,523,233,0.79
100: 529,130,529,115,558,115,558,130,0.73
100: 382,116,382,88,469,88,469,116,0.599
102: 903,1889,903,1858,1046,1858,1046,1889,0.92
102: 731,450,731,387,830,387,830,450,0.89
102: 922,497,922,431,1038,431,1038,497,0.867
103: 333,104,283,104,283,91,333,91,0.94
103: 289,136,269,136,269,122,289,122,0.93
103: 182,122,154,122,154,107,182,107,0.889
103: 222,122,195,122,195,107,222,107,0.866
103: 207,99,171,99,171,84,207,84,0.852
103: 186,150,164,150,164,136,186,136,0.851
103: 449,298,449,284,494,284,494,298,0.527
136: 321,142,274,142,274,120,321,120,0.972
136: 397,156,331,156,331,126,397,126,0.839
136: 394,80,275,80,275,53,394,53,0.823
137: 116,97,116,81,206,81,206,97,0.797
137: 206,108,115,108,115,99,206,99,0.666
164: 579,377,579,308,779,308,779,377,0.911
164: 638,372,574,372,574,55,638,55,0.764
164: 653,378,653,67,709,67,709,378,0.665
164: 583,138,583,56,777,56,777,138,0.535
177: 877,381,723,381,723,320,877,320,0.94
177: 483,336,303,336,303,291,483,291,0.793
250: 1112,532,1112,490,1191,490,1191,532,0.937
250: 1229,698,1229,659,1355,659,1355,698,0.86
250: 1105,692,1105,655,1214,655,1214,692,0.811
250: 1236,533,1236,493,1345,493,1345,533,0.751
250: 1237,613,1237,574,1348,574,1348,613,0.739
250: 1211,611,1101,611,1101,570,1211,570,0.737
251: 45,203,45,163,188,163,188,203,0.943
251: 399,128,313,128,313,89,399,89,0.885
251: 319,205,319,166,415,166,415,205,0.878
251: 207,127,55,127,55,83,207,83,0.831
251: 396,237,339,237,339,211,396,211,0.793
251: 269,235,205,235,205,212,269,212,0.746
251: 128,237,70,237,70,210,128,210,0.713
252: 428,144,382,144,382,131,428,131,0.88
252: 331,163,281,163,281,151,331,151,0.82
252: 430,166,381,166,381,154,430,154,0.8
252: 338,143,289,143,289,130,338,130,0.741
252: 350,119,314,119,314,107,350,107,0.695
252: 397,122,362,122,362,108,397,108,0.683
253: 567,901,567,830,690,830,690,901,0.901
253: 231,822,231,729,406,729,406,822,0.894
253: 439,904,439,850,538,850,538,904,0.846
253: 229,750,229,736,410,736,410,750,0.807
253: 565,846,565,766,689,766,689,846,0.794
253: 245,764,245,664,404,664,404,764,0.746
253: 418,749,418,663,558,663,558,749,0.642
254: 265,117,221,117,221,99,265,99,0.942
254: 330,114,294,114,294,96,330,96,0.886
254: 289,91,256,91,256,77,289,77,0.699
255: 76,139,76,66,322,67,322,139,0.869
255: 75,400,75,330,338,330,338,400,0.794
255: 173,52,173,13,283,13,283,52,0.727
255: 91,151,91,10,150,10,150,151,0.552
256: 118,197,106,197,106,128,118,128,0.889
256: 256,197,256,180,285,180,285,197,0.833
256: 196,145,196,126,231,126,231,145,0.717
256: 128,188,128,156,202,156,202,188,0.703
256: 277,170,253,170,253,153,277,153,0.697
256: 146,213,146,195,210,195,210,213,0.692
258: 906,544,906,493,985,493,985,544,0.92
258: 521,430,521,359,677,359,677,430,0.914
258: 508,500,508,432,669,432,669,500,0.848
258: 699,563,699,512,814,512,814,563,0.82
258: 669,376,669,300,832,300,832,376,0.759
258: 1031,458,893,458,893,451,1031,451,0.687
258: 869,402,869,338,1007,338,1007,402,0.631
258: 893,478,893,424,1026,424,1026,478,0.549
259: 257,396,230,396,230,297,257,297,0.877
259: 429,285,333,285,333,256,429,256,0.868
259: 472,378,403,378,403,354,472,354,0.861
259: 486,397,486,297,516,297,516,397,0.851
259: 290,378,290,354,356,354,356,378,0.778
259: 370,397,370,320,393,320,393,397,0.684
261: 158,333,158,275,372,275,372,333,0.906
261: 440,228,301,228,301,165,440,165,0.876
261: 730,397,585,397,585,351,730,351,0.867
261: 259,430,259,376,387,376,387,430,0.77
261: 584,534,369,534,369,476,584,476,0.638
262: 68,132,68,114,108,114,108,132,0.909
262: 135,96,93,96,93,79,135,79,0.881
262: 143,124,143,113,172,113,172,124,0.879
262: 99,63,99,44,133,44,133,63,0.839
262: 142,135,142,125,172,125,172,135,0.776
262: 179,136,179,116,233,116,233,136,0.732
262: 140,111,140,85,264,85,264,111,0.693
262: 258,59,154,59,154,32,258,32,0.669
262: 161,66,146,66,146,54,161,54,0.64
263: 313,92,278,92,278,73,313,73,0.948
263: 259,88,224,88,224,69,259,69,0.929
263: 45,185,45,150,154,150,154,185,0.829
263: 42,127,42,94,150,94,150,127,0.804
263: 179,227,179,205,279,205,279,227,0.706
263: 104,77,104,41,207,41,207,77,0.694
263: 189,166,189,147,251,147,251,166,0.578
264: 116,107,116,92,166,92,166,107,0.925
264: 227,66,171,66,171,55,227,55,0.848
264: 276,106,210,106,210,93,276,93,0.761
265: 243,401,243,230,308,230,308,401,0.901
265: 948,410,882,410,882,262,948,262,0.876
265: 1058,415,1058,267,1124,267,1124,415,0.862
265: 1150,433,1150,261,1211,261,1211,433,0.836
265: 700,431,636,431,636,262,700,262,0.827
265: 608,377,542,377,542,333,608,333,0.611
265: 856,364,791,364,791,322,856,322,0.545
267: 272,91,152,91,152,63,272,63,0.967
267: 473,186,369,186,369,148,473,148,0.943
267: 375,250,375,212,472,212,472,250,0.925
267: 415,96,315,96,315,62,415,62,0.913
267: 202,237,99,237,99,204,202,204,0.89
267: 99,179,99,145,204,145,204,179,0.77
268: 81,142,81,118,147,118,147,142,0.877
268: 237,149,237,127,305,127,305,149,0.848
268: 159,82,159,54,239,54,239,82,0.817
269: 506,82,409,82,409,42,506,42,0.945
269: 212,83,212,44,372,44,372,83,0.839
269: 438,177,344,177,344,135,438,135,0.806
269: 130,180,130,135,318,135,318,180,0.768
271: 254,188,254,152,414,152,414,188,0.862
271: 195,183,70,183,70,147,195,147,0.805
271: 391,120,272,120,272,84,391,84,0.785
271: 281,253,185,253,185,226,281,226,0.72
271: 154,263,125,263,125,244,154,244,0.619
271: 340,264,316,264,316,245,340,245,0.592
272: 259,100,259,85,334,85,334,100,0.918
272: 336,72,252,72,252,57,336,57,0.815
272: 93,73,93,58,167,58,167,73,0.799
272: 84,101,84,84,174,84,174,101,0.795
272: 163,45,97,45,97,30,163,30,0.774
272: 263,44,263,29,328,29,328,44,0.704
273: 722,378,722,329,845,329,845,378,0.963
273: 566,438,471,438,471,405,566,405,0.914
273: 680,314,680,257,846,257,846,314,0.828
273: 446,261,446,208,605,208,605,261,0.673
274: 717,382,717,334,810,334,810,382,0.947
274: 835,403,835,356,923,356,923,403,0.841
274: 727,301,727,255,819,255,819,301,0.804
274: 948,327,844,327,844,273,948,273,0.788
275: 285,136,243,136,243,119,285,119,0.981
275: 241,165,241,150,282,150,282,165,0.962
275: 310,95,310,73,414,73,414,95,0.635
275: 354,160,312,160,312,145,354,145,0.59
276: 149,82,87,82,87,58,149,58,0.877
276: 83,134,23,134,23,109,83,109,0.756
276: 226,148,142,148,142,121,226,121,0.75
276: 116,171,91,171,91,160,116,160,0.631
276: 69,168,34,168,34,151,69,151,0.561
278: 659,625,659,509,690,509,690,625,0.959
278: 562,626,537,626,537,530,562,530,0.957
278: 465,595,465,573,526,573,526,595,0.896
278: 591,478,499,478,499,439,591,439,0.868
278: 573,586,573,563,634,563,634,586,0.579
279: 530,497,530,422,681,422,681,497,0.871
279: 860,624,860,551,1019,551,1019,624,0.847
279: 540,439,540,359,694,359,694,439,0.817
279: 885,557,885,480,1020,480,1020,557,0.814
279: 824,419,718,419,718,355,824,355,0.79
279: 515,559,515,484,669,484,669,559,0.789
280: 352,191,293,191,293,169,352,169,0.955
280: 231,142,231,125,297,125,297,142,0.722
280: 267,196,257,196,257,170,267,170,0.69
281: 540,309,426,309,426,282,540,282,0.859
281: 423,230,423,212,539,212,539,230,0.846
281: 402,236,229,236,229,207,402,207,0.8
281: 335,309,307,309,307,253,335,253,0.759
281: 542,358,472,358,472,338,542,338,0.73
281: 538,210,419,210,419,192,538,192,0.668
281: 424,281,424,249,534,249,534,281,0.587
281: 334,358,251,358,251,340,334,340,0.558
281: 331,278,264,278,264,252,331,252,0.557
282: 323,302,271,302,271,283,323,283,0.94
283: 298,95,298,75,361,75,361,95,0.851
283: 281,57,281,39,344,39,344,57,0.806
283: 253,59,193,59,193,40,253,40,0.787
283: 164,97,164,78,227,78,227,97,0.773
283: 237,110,237,96,287,96,287,110,0.601
284: 272,280,272,248,388,248,388,280,0.896
284: 55,400,55,371,168,371,168,400,0.879
284: 363,387,363,351,479,351,479,387,0.869
284: 287,365,243,365,243,348,287,348,0.776
284: 256,288,150,288,150,257,256,257,0.771
284: 170,348,57,348,57,319,170,319,0.762
284: 283,402,243,402,243,388,283,388,0.686
284: 476,337,362,337,362,297,476,297,0.669
286: 88,279,88,241,230,241,230,279,0.903
286: 441,239,319,239,319,195,441,195,0.836
286: 77,349,77,322,200,322,200,349,0.8
286: 93,170,93,128,282,128,282,170,0.615
287: 311,88,281,88,281,79,311,79,0.922
287: 343,71,305,71,305,62,343,62,0.896
287: 334,85,334,73,383,73,383,85,0.785
287: 314,103,279,103,279,92,314,92,0.77
287: 372,100,346,100,346,89,372,89,0.741
287: 2,180,2,162,38,162,38,180,0.725
289: 241,140,241,129,275,129,275,140,0.871
289: 369,73,273,73,273,51,369,51,0.834
289: 167,111,167,98,226,98,226,111,0.832
289: 246,73,153,73,153,51,246,51,0.826
289: 358,111,283,111,283,96,358,96,0.797
290: 264,172,234,172,234,162,264,162,0.93
290: 316,150,288,150,288,139,316,139,0.906
290: 281,147,253,147,253,135,281,135,0.84
290: 329,189,303,189,303,179,329,179,0.6
290: 333,172,304,172,304,162,333,162,0.532
291: 109,182,50,182,50,161,109,161,0.928
291: 169,153,109,153,109,132,169,132,0.884
291: 233,175,173,175,173,154,233,154,0.88
291: 173,200,173,181,234,181,234,200,0.812
291: 50,208,50,188,110,188,110,208,0.772
291: 168,221,117,221,117,209,168,209,0.578
292: 140,173,140,145,221,145,221,173,0.897
292: 256,239,256,219,311,219,311,239,0.851
292: 177,218,177,192,239,192,239,218,0.835
292: 342,175,342,150,419,150,419,175,0.821
292: 422,218,342,218,342,193,422,193,0.8
292: 295,134,295,118,329,118,329,134,0.743
292: 173,130,173,103,276,103,276,130,0.674
293: 268,72,229,72,229,51,268,51,0.973
293: 184,122,146,122,146,100,184,100,0.933
293: 346,119,310,119,310,99,346,99,0.903
293: 286,121,262,121,262,111,286,111,0.812
293: 237,121,212,121,212,110,237,110,0.744
295: 380,241,337,241,337,225,380,225,0.959
295: 163,214,163,199,204,199,204,214,0.916
295: 386,214,330,214,330,199,386,199,0.899
295: 214,240,158,240,158,226,214,226,0.775
295: 276,162,276,148,331,148,331,162,0.761
295: 265,164,213,164,213,149,265,149,0.742
295: 267,261,267,206,279,206,279,261,0.566
295: 257,231,233,231,233,220,257,220,0.546
297: 103,351,103,188,145,189,145,351,0.888
297: 170,330,170,274,276,274,276,330,0.796
297: 304,260,276,260,276,158,304,158,0.742
297: 453,271,453,81,507,82,507,271,0.635
297: 235,146,235,71,373,72,373,146,0.627
297: 325,295,325,242,411,242,411,295,0.605
297: 322,272,322,263,409,263,409,272,0.573
298: 196,100,143,100,143,83,196,83,0.796
298: 204,71,204,53,255,53,255,71,0.763
298: 206,132,206,118,253,118,253,132,0.723
299: 81,142,81,118,147,118,147,142,0.877
299: 237,149,237,127,305,127,305,149,0.848
299: 159,82,159,54,239,54,239,82,0.817
301: 648,95,623,53,694,10,719,52,0.943
301: 380,80,369,61,439,19,450,38,0.931
301: 246,370,223,327,297,288,320,331,0.929
301: 41,499,34,452,114,440,121,487,0.911
301: 45,197,45,136,214,136,214,197,0.858
301: 343,258,281,258,281,226,343,226,0.844
301: 13,295,8,247,79,240,84,289,0.807
301: 517,261,517,216,620,216,620,261,0.779
301: 622,199,622,193,683,193,683,199,0.771
301: 272,212,272,177,338,177,338,212,0.761
301: 241,143,241,93,341,93,341,143,0.708
301: 696,270,653,270,653,243,696,243,0.654
301: 620,214,620,176,687,176,687,214,0.607
302: 260,150,260,95,369,95,369,150,0.917
302: 261,245,261,195,366,195,366,245,0.808
303: 54,82,14,82,14,67,54,67,0.951
303: 166,28,113,28,113,16,166,16,0.95
303: 122,90,89,90,89,78,122,78,0.941
303: 158,83,158,68,197,68,197,83,0.923
303: 197,53,158,53,158,39,197,39,0.86
303: 98,29,59,29,59,15,98,15,0.856
303: 55,52,15,52,15,38,55,38,0.806
305: 100,502,37,502,37,468,100,468,0.826
305: 269,486,269,436,412,436,412,486,0.749
305: 267,428,267,371,409,371,409,428,0.736
305: 189,507,151,507,151,481,189,481,0.565
306: 552,571,552,538,789,538,789,571,0.79
306: 762,535,578,535,578,506,762,506,0.735
307: 613,202,613,14,875,14,875,202,0.712
307: 116,425,116,286,293,286,293,425,0.674
307: 344,327,344,160,550,161,550,327,0.614
308: 203,397,203,247,241,247,241,397,0.917
308: 174,396,135,396,135,242,174,242,0.895
308: 69,394,69,235,107,235,107,394,0.865
309: 488,592,488,519,586,519,586,592,0.887
309: 797,680,797,616,880,616,880,680,0.787
309: 654,637,654,572,740,572,740,637,0.718
310: 82,370,82,314,184,314,184,370,0.942
310: 214,387,214,336,313,336,313,387,0.941
310: 131,310,131,246,274,246,274,310,0.807
311: 81,142,81,118,147,118,147,142,0.919
311: 305,149,239,149,239,127,305,127,0.887
311: 237,82,159,82,159,54,237,54,0.816
312: 546,417,546,386,671,386,671,417,0.951
312: 397,432,268,432,268,404,397,404,0.933
312: 669,487,545,487,545,454,669,454,0.784
312: 493,540,419,540,419,512,493,512,0.649
313: 114,122,70,122,70,103,114,103,0.962
313: 68,74,68,55,102,55,102,74,0.941
313: 185,71,117,71,117,50,185,50,0.899
313: 128,120,128,99,185,99,185,120,0.895
313: 463,107,430,107,430,91,463,91,0.839
313: 311,104,311,78,393,78,393,104,0.793
313: 297,59,297,33,412,33,412,59,0.772
314: 850,193,850,154,944,154,944,193,0.874
314: 765,253,660,253,660,219,765,219,0.715
314: 758,324,674,324,674,298,758,298,0.611
315: 614,141,542,141,542,116,614,116,0.909
315: 218,128,218,102,273,102,273,128,0.908
315: 516,140,444,140,444,117,516,117,0.847
315: 330,184,219,184,219,157,330,157,0.809
315: 445,191,445,168,538,168,538,191,0.736
315: 394,305,372,305,372,245,394,245,0.716
315: 328,138,297,138,297,118,328,118,0.606
317: 274,91,152,91,152,63,274,63,0.951
317: 473,185,369,185,369,148,473,148,0.936
317: 414,97,315,97,315,63,414,63,0.865
317: 473,249,376,249,376,212,473,212,0.842
317: 204,178,99,178,99,146,204,146,0.801
317: 201,239,99,239,99,203,201,203,0.748
318: 638,322,567,322,567,301,638,301,0.894
318: 495,288,495,266,563,266,563,288,0.778
318: 638,354,570,354,570,332,638,332,0.758
318: 506,376,506,360,554,360,554,376,0.552
320: 186,79,186,67,240,67,240,79,0.915
320: 276,95,245,95,245,87,276,87,0.868
320: 323,84,288,84,288,73,323,73,0.798
320: 271,70,250,70,250,60,271,60,0.69
322: 647,429,647,371,848,371,848,429,0.836
322: 1026,404,1026,335,1259,335,1259,404,0.777
322: 857,618,857,585,981,585,981,618,0.712
322: 801,517,801,462,1059,462,1059,517,0.607
322: 774,333,774,250,1112,250,1112,333,0.6
324: 990,413,763,413,763,368,990,368,0.974
324: 787,630,787,588,953,588,953,630,0.797
324: 982,540,982,485,1207,485,1207,540,0.783
325: 451,232,350,232,350,199,451,199,0.933
325: 233,147,233,123,329,123,329,147,0.88
325: 224,274,224,249,334,249,334,274,0.822
325: 217,213,92,213,92,187,217,187,0.752
326: 17,104,17,87,78,87,78,104,0.959
326: 66,72,66,56,136,56,136,72,0.859
326: 188,105,116,105,116,88,188,88,0.821
326: 79,137,79,123,122,123,122,137,0.758
329: 464,665,464,608,540,608,540,665,0.759
329: 301,616,301,552,388,552,388,616,0.754
329: 298,559,298,486,390,486,390,559,0.686
329: 297,530,297,515,390,515,390,530,0.617
329: 453,608,453,550,536,550,536,608,0.521
331: 218,308,218,259,285,259,285,308,0.928
331: 71,399,71,339,196,339,196,399,0.741
331: 272,368,226,368,226,330,272,330,0.726
331: 70,329,70,279,154,279,154,329,0.628
332: 525,150,525,69,729,70,729,150,0.904
332: 778,180,778,99,962,99,962,180,0.873
332: 412,358,412,279,667,279,667,358,0.857
332: 689,413,689,354,837,354,837,413,0.857
332: 852,394,852,319,1071,319,1071,394,0.805
332: 842,292,842,212,1068,212,1068,292,0.744
332: 410,247,410,169,655,169,655,247,0.733
333: 195,215,195,195,244,195,244,215,0.804
333: 195,232,154,232,154,216,195,216,0.716
334: 441,212,408,212,408,200,441,200,0.943
334: 422,292,412,292,412,249,422,249,0.844
334: 395,210,350,210,350,199,395,199,0.826
334: 497,212,453,212,453,200,497,200,0.791
334: 506,279,471,279,471,267,506,267,0.709
334: 464,257,464,244,511,244,511,257,0.698
335: 603,442,603,353,789,353,789,442,0.941
335: 306,246,306,156,472,156,472,246,0.915
335: 124,470,124,365,379,365,379,470,0.895
335: 685,284,526,284,526,199,685,199,0.858
335: 566,550,413,550,413,487,566,487,0.85
335: 143,333,143,233,362,233,362,333,0.812
336: 753,321,671,321,671,274,753,274,0.863
336: 831,446,831,395,923,395,923,446,0.824
336: 400,280,400,238,500,238,500,280,0.784
336: 832,382,832,322,928,322,928,382,0.774
337: 446,86,395,86,395,73,446,73,0.913
337: 440,144,440,133,495,133,495,144,0.906
337: 330,145,280,145,280,132,330,132,0.853
337: 313,86,313,73,384,73,384,86,0.757
337: 393,174,383,174,383,125,393,125,0.626
338: 797,488,797,454,930,454,930,488,0.908
338: 1020,709,991,709,991,697,1020,697,0.835
338: 944,439,786,439,786,401,944,401,0.682
338: 789,383,789,348,951,348,951,383,0.595
339: 621,439,621,358,767,358,767,439,0.953
339: 424,361,424,250,608,250,608,361,0.918
339: 755,370,755,264,914,264,914,370,0.909
339: 431,268,431,156,607,156,607,268,0.9
339: 598,951,503,951,503,918,598,918,0.893
339: 911,447,782,447,782,361,911,361,0.83
339: 621,951,621,920,766,920,766,951,0.727
339: 462,204,462,56,690,56,690,204,0.701
339: 535,860,535,820,742,820,742,860,0.699
339: 711,272,711,160,885,160,885,272,0.699
339: 1019,445,946,445,946,384,1019,384,0.641
339: 742,1063,534,1063,534,1001,742,1001,0.631
339: 1019,394,951,394,951,329,1019,329,0.572
340: 935,274,780,274,780,239,935,239,0.918
340: 780,331,780,292,929,292,929,331,0.809
340: 930,386,775,386,775,346,930,346,0.8
341: 607,680,607,597,734,597,734,680,0.645
342: 67,99,67,85,102,85,102,99,0.938
342: 191,70,145,70,145,54,191,54,0.934
342: 207,108,160,108,160,91,207,91,0.925
342: 137,65,113,65,113,52,137,52,0.903
342: 362,119,353,119,353,70,362,70,0.881
342: 130,125,97,125,97,114,130,114,0.654
342: 259,139,259,121,371,121,371,139,0.57
343: 601,329,601,290,686,290,686,329,0.932
343: 825,369,744,369,744,339,825,339,0.885
343: 613,472,613,453,675,453,675,472,0.549
344: 222,483,54,379,77,341,245,445,0.932
344: 243,397,86,298,112,258,268,357,0.74
345: 391,602,391,514,540,514,540,602,0.908
345: 770,512,770,433,885,433,885,512,0.794
345: 680,317,680,181,883,181,883,317,0.713
345: 471,398,471,282,650,282,650,398,0.692
347: 336,150,336,129,393,129,393,150,0.969
347: 187,156,187,134,279,134,279,156,0.798
347: 185,202,185,180,256,180,256,202,0.782
347: 310,247,184,247,184,226,310,226,0.772
349: 345,213,298,213,298,197,345,197,0.929
349: 346,185,281,185,281,168,346,168,0.811
349: 294,157,257,157,257,142,294,142,0.656
349: 254,217,244,217,244,188,254,188,0.598
349: 254,157,213,157,213,142,254,142,0.579
350: 207,130,141,130,141,107,207,107,0.925
350: 283,50,283,29,364,29,364,50,0.88
350: 264,52,199,52,199,31,264,31,0.87
350: 261,143,261,127,307,127,307,143,0.832
350: 142,92,142,70,230,70,230,92,0.763
352: 876,436,768,436,768,403,876,403,0.783
352: 876,475,770,475,770,443,876,443,0.778
352: 738,42,663,42,663,14,738,14,0.707
352: 880,398,776,398,776,364,880,364,0.671
353: 254,121,180,121,180,98,254,98,0.894
353: 317,228,266,228,266,203,317,203,0.858
353: 124,164,124,141,253,141,253,164,0.77
353: 238,207,130,207,130,184,238,184,0.765
354: 508,259,403,259,403,225,508,225,0.841
354: 320,366,212,366,212,332,320,332,0.813
354: 453,369,453,336,552,336,552,369,0.712
354: 379,255,275,255,275,222,379,222,0.705
354: 466,319,466,286,541,286,541,319,0.68
354: 321,312,218,312,218,278,321,278,0.673
355: 334,413,334,353,463,353,463,413,0.873
355: 479,256,479,153,660,153,660,256,0.831
355: 494,337,494,265,630,265,630,337,0.826
355: 341,186,341,88,508,89,508,186,0.812
355: 205,312,205,239,325,239,325,312,0.715
355: 349,145,349,133,516,133,516,145,0.689
355: 527,137,527,54,664,54,664,137,0.685
355: 472,212,472,193,667,193,667,212,0.605
355: 538,104,538,89,668,89,668,104,0.57
356: 562,165,458,165,458,139,562,139,0.923
356: 538,223,538,190,645,190,645,223,0.844
356: 444,310,364,310,364,286,444,286,0.809
356: 477,220,372,220,372,190,477,190,0.729
356: 465,275,465,250,548,250,548,275,0.578
357: 676,739,676,720,743,720,743,739,0.906
358: 149,117,149,83,219,83,219,117,0.974
358: 273,219,273,179,394,179,394,219,0.932
358: 151,214,151,174,246,174,246,214,0.925
358: 772,217,628,217,628,176,772,176,0.878
358: 879,232,827,232,827,205,879,205,0.866
358: 256,125,256,86,389,86,389,125,0.8
358: 793,138,598,138,598,98,793,98,0.75
359: 916,790,916,754,993,754,993,790,0.939
359: 1010,836,909,836,909,792,1010,792,0.885
360: 594,472,594,410,761,410,761,472,0.939
360: 322,316,322,233,543,233,543,316,0.831
362: 557,301,557,242,680,242,680,301,0.916
362: 623,253,623,214,683,214,683,253,0.899
362: 557,381,520,381,520,350,557,350,0.766
362: 607,387,569,387,569,358,607,358,0.641
362: 626,340,565,340,565,300,626,300,0.565
362: 563,235,563,196,605,196,605,235,0.551
363: 507,325,507,257,678,257,678,325,0.953
363: 788,483,788,421,944,421,944,483,0.937
363: 422,400,422,331,593,331,593,400,0.918
363: 419,479,419,411,591,411,591,479,0.84
363: 710,352,710,280,895,280,895,352,0.78
363: 608,525,608,478,772,478,772,525,0.628
364: 560,145,486,145,486,120,560,120,0.965
364: 696,108,617,108,617,84,696,84,0.962
364: 695,145,621,145,621,121,695,121,0.957
364: 565,108,483,108,483,83,565,83,0.9
364: 551,69,551,45,632,45,632,69,0.854
365: 111,94,54,94,54,81,111,81,0.914
365: 249,93,193,93,193,76,249,76,0.816
365: 252,130,194,130,194,113,252,113,0.813
365: 107,132,47,132,47,115,107,115,0.812
366: 446,402,446,357,548,357,548,402,0.9
366: 457,335,341,335,341,288,457,288,0.897
366: 668,356,610,356,610,323,668,323,0.875
366: 235,379,235,331,342,331,342,379,0.875
366: 236,435,236,391,342,391,342,435,0.776
366: 444,453,444,415,550,415,550,453,0.689
366: 355,460,355,438,433,438,433,460,0.599
366: 675,358,675,336,707,336,707,358,0.598
366: 660,465,588,465,588,436,660,436,0.56
368: 891,418,891,372,974,372,974,418,0.79
368: 843,499,843,303,874,303,874,499,0.674
368: 962,573,895,573,895,543,962,543,0.664
368: 839,508,839,462,970,462,970,508,0.641
368: 985,328,845,328,845,268,985,268,0.592
368: 993,509,993,291,1013,291,1013,509,0.553
369: 245,90,165,90,165,59,245,59,0.971
369: 365,177,323,177,323,155,365,155,0.945
369: 119,181,78,181,78,159,119,159,0.9
369: 116,155,51,155,51,124,116,124,0.782
369: 297,154,297,120,362,120,362,154,0.744
370: 999,258,899,258,899,193,999,193,0.946
370: 829,424,829,378,911,378,911,424,0.863
370: 760,228,760,153,871,153,871,228,0.76
370: 977,350,977,297,1055,297,1055,350,0.703
370: 872,198,756,198,756,188,872,188,0.618
371: 103,154,103,117,164,117,164,154,0.89
371: 171,271,171,235,252,235,252,271,0.888
371: 178,139,178,85,267,85,267,139,0.838
371: 296,170,296,128,375,128,375,170,0.78
371: 167,140,104,140,104,133,167,133,0.771
372: 712,403,712,311,878,311,878,403,0.843
372: 806,479,806,408,907,408,907,479,0.737
372: 795,308,795,193,985,193,985,308,0.691
372: 753,517,652,517,652,455,753,455,0.664
372: 895,353,895,267,1023,267,1023,353,0.624
373: 414,262,396,262,396,177,414,177,0.961
373: 341,162,341,144,396,144,396,162,0.903
373: 300,164,219,164,219,140,300,140,0.852
373: 373,234,328,234,328,219,373,219,0.78
373: 317,256,300,256,300,197,317,197,0.756
373: 187,260,187,178,210,178,210,260,0.716
374: 832,621,832,434,1067,434,1067,621,0.978
374: 266,396,266,155,608,156,608,396,0.914
374: 830,487,830,308,1049,308,1049,487,0.867
374: 613,592,613,444,834,444,834,592,0.858
374: 1072,591,847,591,847,568,1072,568,0.588
374: 288,220,288,27,563,27,563,220,0.543
374: 830,467,830,444,1068,444,1068,467,0.531
375: 912,551,912,476,1025,476,1025,551,0.907
375: 513,548,513,458,710,458,710,548,0.883
375: 833,439,833,383,936,383,936,439,0.87
375: 538,472,538,379,704,379,704,472,0.869
375: 1021,608,904,608,904,544,1021,544,0.841
375: 753,607,753,550,849,550,849,607,0.788
375: 658,412,658,323,816,323,816,412,0.582
376: 196,189,196,133,413,133,413,189,0.858
376: 759,191,556,191,556,130,759,130,0.83
377: 183,228,183,211,215,211,215,228,0.938
377: 246,214,246,195,281,195,281,214,0.927
378: 205,278,205,244,360,244,360,278,0.797
379: 384,501,384,449,563,449,563,501,0.917
379: 491,406,491,362,673,362,673,406,0.843
379: 716,399,716,351,930,351,930,399,0.842
379: 390,584,390,532,565,532,565,584,0.813
379: 798,478,798,430,997,430,997,478,0.799
379: 785,599,616,599,616,563,785,563,0.747
379: 1022,558,938,558,938,509,1022,509,0.695
380: 679,697,679,572,1047,572,1047,697,0.856
380: 670,612,670,473,1013,473,1013,612,0.73
380: 233,451,233,299,554,299,554,451,0.599
380: 730,634,662,634,662,492,730,492,0.579
381: 147,560,84,560,84,527,147,527,0.647
381: 1021,132,1021,90,1032,90,1032,132,0.646
382: 544,961,497,961,497,798,544,798,0.87
382: 825,766,666,766,666,725,825,725,0.856
382: 918,960,918,801,976,801,976,960,0.815
382: 734,952,734,831,765,831,765,952,0.775
382: 616,906,616,873,713,873,713,906,0.656
382: 783,905,783,873,884,873,884,905,0.556
383: 342,279,342,230,469,230,469,279,0.903
383: 524,303,524,253,649,253,649,303,0.903
383: 695,325,695,273,814,273,814,325,0.787
384: 354,162,255,162,255,127,354,127,0.959
384: 139,210,46,210,46,175,139,175,0.921
384: 354,230,257,230,257,194,354,194,0.868
384: 163,225,163,201,235,201,235,225,0.811
385: 1007,585,926,585,926,539,1007,539,0.962
385: 841,506,841,454,932,454,932,506,0.885
385: 1005,633,924,633,924,588,1005,588,0.859
385: 739,532,739,475,836,475,836,532,0.7
386: 87,98,49,98,49,90,87,90,0.975
386: 42,124,42,106,92,106,92,124,0.825
386: 127,76,127,61,161,61,161,76,0.801
386: 134,103,94,103,94,92,134,92,0.724
388: 111,177,69,177,69,164,111,164,0.94
388: 205,189,205,177,240,177,240,189,0.938
388: 111,161,69,161,69,150,111,150,0.846
388: 241,176,206,176,206,164,241,164,0.841
389: 559,485,559,391,901,391,901,485,0.895
389: 553,311,553,224,883,224,883,311,0.81
391: 174,289,174,245,309,245,309,289,0.788
391: 225,229,225,180,350,180,350,229,0.764
391: 227,165,227,116,345,116,345,165,0.727
392: 732,408,732,321,986,321,986,408,0.846
392: 410,371,410,282,679,282,679,371,0.782
392: 752,500,673,500,673,467,752,467,0.532
393: 167,166,167,153,217,153,217,166,0.902
393: 75,137,75,123,127,123,127,137,0.846
393: 81,166,81,155,125,155,125,166,0.798
393: 218,136,166,136,166,122,218,122,0.79
393: 236,167,236,150,333,150,333,167,0.696
393: 163,191,126,191,126,180,163,180,0.681
394: 399,176,399,124,517,124,517,176,0.899
394: 331,77,331,30,496,30,496,77,0.872
394: 206,62,43,62,43,12,206,12,0.824
394: 246,173,246,119,379,119,379,173,0.814
394: 493,12,376,12,376,1,493,1,0.705
394: 166,65,166,17,295,17,295,65,0.693
395: 639,275,521,275,521,233,639,233,0.956
395: 673,275,673,230,788,230,788,275,0.912
395: 741,191,575,191,575,154,741,154,0.871
396: 437,296,302,296,302,232,437,232,0.932
396: 140,393,140,335,260,335,260,393,0.916
396: 130,322,130,256,256,256,256,322,0.861
396: 315,369,315,312,443,312,443,369,0.852
397: 81,197,81,168,138,168,138,197,0.944
397: 220,201,164,201,164,174,220,174,0.831
397: 109,151,109,123,197,123,197,151,0.8
397: 347,161,347,134,468,134,468,161,0.783
398: 233,186,125,186,125,140,233,140,0.806
398: 302,207,302,167,413,167,413,207,0.766
398: 209,150,209,106,323,106,323,150,0.688
399: 865,358,865,306,969,306,969,358,0.889
399: 769,401,769,355,881,355,881,401,0.88
399: 985,372,985,329,1060,329,1060,372,0.853
399: 1002,521,958,521,958,498,1002,498,0.782
399: 925,319,925,270,1031,270,1031,319,0.762
399: 1031,299,926,299,926,293,1031,293,0.619
400: 911,253,911,184,1037,184,1037,253,0.964
400: 974,318,974,265,1060,265,1060,318,0.858
400: 715,280,715,221,819,221,819,280,0.851
400: 759,225,759,150,894,150,894,225,0.843
401: 158,71,120,71,120,49,158,49,0.838
401: 156,109,156,88,192,88,192,109,0.729
401: 287,162,212,162,212,134,287,134,0.638
403: 143,662,143,573,252,573,252,662,0.811
403: 85,439,85,289,295,289,295,439,0.693
403: 129,514,129,436,190,436,190,514,0.687
403: 284,550,222,550,222,481,284,481,0.565
405: 657,495,657,181,751,181,751,495,0.74
406: 703,621,703,576,979,576,979,621,0.822
406: 659,538,659,404,1006,404,1006,538,0.671
407: 817,308,817,289,974,289,974,308,0.887
407: 817,432,817,375,964,375,964,432,0.835
407: 816,379,816,326,968,326,968,379,0.794
407: 935,418,935,274,969,274,969,418,0.754
408: 909,176,747,176,747,88,909,88,0.929
408: 637,353,637,305,718,305,718,353,0.874
408: 527,126,527,31,702,31,702,126,0.866
408: 826,377,826,292,1021,292,1021,377,0.852
408: 838,292,838,201,1029,201,1029,292,0.828
409: 868,161,868,129,951,129,951,161,0.944
409: 892,207,804,207,804,175,892,175,0.924
409: 954,116,865,116,865,87,954,87,0.832
409: 920,212,920,179,1003,179,1003,212,0.763
410: 294,360,264,360,264,244,294,244,0.908
410: 407,309,336,309,336,286,407,286,0.907
410: 369,216,369,183,473,183,473,216,0.842
410: 568,347,540,347,540,231,568,231,0.787
410: 512,304,440,304,440,282,512,282,0.541
411: 464,238,464,202,531,202,531,238,0.97
411: 457,235,424,235,424,213,457,213,0.947
411: 520,359,471,359,471,321,520,321,0.882
411: 402,399,402,362,454,362,454,399,0.838
411: 454,302,420,302,420,281,454,281,0.74
411: 466,406,466,368,518,368,518,406,0.731
411: 450,451,401,451,401,411,450,411,0.696
411: 456,525,456,502,498,502,498,525,0.691
411: 398,516,398,496,450,496,450,516,0.68
411: 452,493,398,493,398,469,452,469,0.679
411: 458,355,408,355,408,318,458,318,0.601
411: 459,500,459,478,502,478,502,500,0.552
412: 583,236,583,161,685,161,685,236,0.785
413: 244,265,109,265,109,230,244,230,0.962
413: 393,225,393,189,534,189,534,225,0.831
413: 207,139,207,106,304,106,304,139,0.827
413: 461,135,359,135,359,99,461,99,0.797
413: 115,203,115,169,251,169,251,203,0.768
413: 358,276,279,276,279,255,358,255,0.706
414: 441,154,371,154,371,136,441,136,0.865
414: 513,114,430,114,430,92,513,92,0.817
414: 375,114,302,114,302,92,375,92,0.797
414: 442,71,371,71,371,49,442,49,0.795
416: 228,160,93,160,93,115,228,115,0.846
416: 326,234,208,234,208,206,326,206,0.72
417: 166,556,76,556,76,530,166,530,0.948
417: 1,597,1,569,55,569,55,597,0.931
417: 456,538,322,538,322,501,456,501,0.847
417: 325,497,325,456,457,456,457,497,0.842
417: 321,422,321,379,453,379,453,422,0.832
417: 1,640,1,621,45,621,45,640,0.812
418: 714,508,714,463,824,463,824,508,0.904
418: 395,420,395,368,533,368,533,420,0.868
418: 495,479,432,479,432,444,495,444,0.853
418: 489,347,489,295,615,295,615,347,0.848
418: 632,348,632,326,783,326,783,348,0.787
418: 655,518,593,518,593,489,655,489,0.786
418: 709,443,709,397,827,397,827,443,0.721
419: 301,190,301,161,422,161,422,190,0.872
419: 69,197,69,165,181,165,181,197,0.832
419: 305,241,305,210,423,210,423,241,0.806
419: 280,272,201,272,201,253,280,253,0.796
419: 186,147,186,117,301,117,301,147,0.769
419: 79,253,79,219,162,219,162,253,0.719
420: 442,417,370,417,370,391,442,391,0.894
420: 503,456,416,456,416,433,503,433,0.844
420: 371,449,305,449,305,420,371,420,0.759
421: 1003,338,862,338,862,270,1003,270,0.967
421: 710,225,710,148,870,148,870,225,0.935
421: 611,509,611,453,719,453,719,509,0.92
421: 864,447,864,377,1006,377,1006,447,0.913
421: 881,249,881,195,979,195,979,249,0.903
421: 731,308,583,308,583,238,731,238,0.878
421: 842,516,766,516,766,474,842,474,0.86
421: 893,531,893,478,992,478,992,531,0.859
421: 585,422,585,354,733,354,733,422,0.825
421: 784,443,784,319,816,319,816,443,0.655
422: 375,90,340,90,340,72,375,72,0.966
422: 323,91,289,91,289,74,323,74,0.928
422: 225,141,225,123,272,123,272,141,0.911
422: 445,137,392,137,392,118,445,118,0.857
423: 661,427,661,265,1022,265,1022,427,0.893
424: 902,468,902,364,1026,364,1026,468,0.9
424: 482,221,482,63,694,63,694,221,0.88
424: 748,305,748,195,886,195,886,305,0.761
424: 631,529,631,423,791,423,791,529,0.727
425: 597,293,597,177,805,177,805,293,0.877
425: 723,245,723,141,919,141,919,245,0.668
425: 844,358,844,255,1029,255,1029,358,0.654
425: 824,455,824,357,1024,357,1024,455,0.549
426: 545,441,545,341,715,341,715,441,0.943
426: 391,511,391,466,470,466,470,511,0.86
426: 541,352,541,244,709,244,709,352,0.858
426: 439,287,439,196,569,196,569,287,0.826
426: 299,341,299,260,410,260,410,341,0.776
427: 940,415,940,385,1016,385,1016,415,0.962
427: 704,299,704,253,860,253,860,299,0.857
427: 709,269,709,218,869,218,869,269,0.854
427: 939,472,939,453,1017,453,1017,472,0.843
427: 1021,494,942,494,942,477,1021,477,0.816
427: 1015,445,939,445,939,423,1015,423,0.751
427: 717,336,717,296,854,296,854,336,0.716
429: 83,160,83,143,144,143,144,160,0.971
429: 171,179,171,158,220,158,220,179,0.941
429: 226,132,226,114,271,114,271,132,0.902
429: 86,194,86,179,142,179,142,194,0.899
429: 82,101,82,80,143,80,143,101,0.841
429: 235,93,149,93,149,73,235,73,0.765
429: 216,199,173,199,173,186,216,186,0.754
429: 140,137,88,137,88,121,140,121,0.713
430: 552,231,552,85,734,85,734,231,0.889
430: 947,403,947,302,1056,302,1056,403,0.844
430: 866,300,866,174,1004,174,1004,300,0.835
430: 798,499,798,433,893,433,893,499,0.804
430: 666,197,666,40,838,40,838,197,0.688
430: 713,393,713,289,841,289,841,393,0.664
431: 892,657,892,563,1049,563,1049,657,0.808
431: 902,572,902,494,1013,494,1013,572,0.792
431: 849,694,849,639,929,639,929,694,0.781
431: 889,772,804,772,804,723,889,723,0.746
431: 656,520,656,419,842,419,842,520,0.744
432: 646,226,506,226,506,189,646,189,0.936
432: 644,292,504,292,504,253,644,253,0.807
432: 775,160,639,160,639,125,775,125,0.783
432: 665,314,665,294,741,294,741,314,0.78
432: 905,239,769,239,769,195,905,195,0.753
433: 163,147,108,147,108,126,163,126,0.863
433: 158,233,158,217,216,217,216,233,0.845
433: 227,146,171,146,171,127,227,127,0.825
433: 291,203,256,203,256,183,291,183,0.805
433: 384,238,384,216,543,216,543,238,0.651
434: 370,232,290,232,290,204,370,204,0.957
434: 33,349,33,321,124,321,124,349,0.839
434: 386,295,266,295,266,257,386,257,0.801
434: 135,300,24,300,24,264,135,264,0.799
434: 271,237,129,237,129,201,271,201,0.792
434: 156,369,156,348,242,348,242,369,0.746
434: 377,344,273,344,273,318,377,318,0.72
435: 361,379,361,270,577,270,577,379,0.951
435: 587,507,587,431,724,431,724,507,0.908
435: 615,584,615,536,701,536,701,584,0.893
435: 724,471,724,377,894,377,894,471,0.874
435: 561,308,561,199,742,199,742,308,0.824
435: 246,1069,246,1049,355,1049,355,1069,0.571
435: 254,1035,254,986,351,986,351,1035,0.544
436: 772,761,399,761,399,704,772,704,0.743
436: 394,702,394,659,774,659,774,702,0.721
436: 380,829,380,781,795,781,795,829,0.562
437: 444,267,444,126,515,126,515,267,0.751
437: 239,320,239,231,411,231,411,320,0.665
438: 427,195,427,174,482,174,482,195,0.847
438: 439,153,439,136,494,136,494,153,0.752
439: 256,120,235,120,235,110,256,110,0.883
439: 324,89,290,89,290,77,324,77,0.819
439: 283,87,250,87,250,74,283,74,0.785
439: 338,114,305,114,305,101,338,101,0.749
439: 256,107,234,107,234,97,256,97,0.719
440: 472,532,472,497,566,497,566,532,0.858
440: 872,424,766,424,766,354,872,354,0.814
440: 624,540,589,540,589,515,624,515,0.813
440: 623,654,583,654,583,628,623,628,0.721
440: 545,648,476,648,476,620,545,620,0.684
441: 660,606,660,508,831,508,831,606,0.896
441: 360,333,360,218,534,218,534,333,0.873
441: 470,563,470,507,556,507,556,563,0.86
441: 667,530,667,420,839,420,839,530,0.803
441: 582,405,582,301,728,301,728,405,0.773
441: 963,488,869,488,869,421,963,421,0.727
441: 972,508,972,462,1019,462,1019,508,0.649
441: 868,464,868,453,964,453,964,464,0.611
441: 969,650,969,614,1002,614,1002,650,0.579
441: 869,567,869,497,984,497,984,567,0.535
442: 424,507,424,374,740,374,740,507,0.824
442: 96,747,96,466,203,466,203,747,0.824
442: 892,846,892,569,972,569,972,846,0.814
442: 562,792,562,586,623,586,623,792,0.71
442: 336,695,336,610,523,610,523,695,0.67
442: 659,737,659,658,830,658,830,737,0.603
443: 508,409,508,363,591,363,591,409,0.944
443: 609,382,609,315,754,315,754,382,0.932
443: 339,338,339,267,504,267,504,338,0.831
443: 344,253,344,174,504,174,504,253,0.772
443: 614,304,614,232,754,232,754,304,0.593
444: 172,106,172,66,344,66,344,106,0.827
444: 292,186,292,147,467,147,467,186,0.825
444: 199,184,52,184,52,145,199,145,0.809
444: 200,266,200,232,307,232,307,266,0.668
445: 232,150,193,150,193,135,232,135,0.882
445: 153,96,90,96,90,71,153,71,0.881
445: 219,56,219,31,290,31,290,56,0.838
445: 206,55,119,55,119,31,206,31,0.783
445: 189,123,189,106,236,106,236,123,0.74
446: 519,192,519,21,715,21,715,192,0.943
446: 703,366,703,245,840,245,840,366,0.897
446: 934,415,934,305,1047,305,1047,415,0.892
446: 749,241,749,117,890,117,890,241,0.812
446: 907,477,811,477,811,398,907,398,0.713
447: 206,114,206,95,264,95,264,114,0.96
447: 103,128,44,128,44,111,103,111,0.948
447: 155,62,155,44,239,44,239,62,0.914
447: 48,94,48,79,104,79,104,94,0.901
447: 67,58,67,43,126,43,126,58,0.797
448: 404,205,278,205,278,178,404,178,0.787
448: 229,214,123,214,123,184,229,184,0.747
448: 310,131,183,131,183,99,310,99,0.628
449: 572,226,572,167,895,167,895,226,0.907
449: 889,401,570,401,570,342,889,342,0.813
449: 733,571,452,571,452,513,733,513,0.809
450: 494,444,494,390,629,390,629,444,0.936
450: 386,517,295,517,295,482,386,482,0.902
450: 566,503,458,503,458,461,566,461,0.721
450: 349,456,349,422,445,422,445,456,0.647
450: 499,386,499,336,632,336,632,386,0.643
450: 489,425,489,412,628,412,628,425,0.643
450: 358,393,358,377,460,377,460,393,0.585
451: 448,305,448,177,621,177,621,305,0.815
451: 419,547,419,427,645,427,645,547,0.688
451: 698,366,698,253,835,253,835,366,0.659
452: 446,229,329,229,329,189,446,189,0.869
452: 575,300,469,300,469,269,575,269,0.846
452: 583,160,466,160,466,124,583,124,0.819
453: 756,614,756,453,800,453,800,614,0.967
453: 616,211,537,211,537,171,616,171,0.923
453: 311,211,200,211,200,170,311,170,0.913
453: 932,580,932,410,980,410,980,580,0.895
453: 303,114,303,74,510,74,510,114,0.776
453: 260,602,187,602,187,578,260,578,0.627
454: 418,76,375,76,375,61,418,61,0.948
454: 461,185,398,185,398,162,461,162,0.939
454: 197,178,197,156,262,156,262,178,0.935
454: 301,73,242,73,242,50,301,50,0.848
454: 371,83,338,83,338,61,371,61,0.656
454: 359,113,284,113,284,98,359,98,0.614
454: 244,120,244,97,280,97,280,120,0.61
454: 442,115,368,115,368,100,442,100,0.569
455: 332,239,332,201,415,201,415,239,0.918
455: 582,296,582,248,704,248,704,296,0.849
455: 489,414,336,414,336,364,489,364,0.839
455: 549,306,418,306,418,259,549,259,0.828
455: 760,488,621,488,621,439,760,439,0.754
455: 478,494,478,461,610,461,610,494,0.68
455: 663,416,663,368,723,368,723,416,0.679
456: 111,75,67,75,67,60,111,60,0.929
456: 217,135,161,135,161,119,217,119,0.839
456: 162,75,119,75,119,61,162,61,0.817
456: 141,141,90,141,90,128,141,128,0.809
456: 218,109,158,109,158,93,218,93,0.798
456: 19,142,19,130,65,130,65,142,0.77
456: 66,122,19,122,19,111,66,111,0.714
457: 166,165,81,165,81,132,166,132,0.945
457: 112,209,70,209,70,191,112,191,0.928
457: 313,198,262,198,262,176,313,176,0.92
457: 267,108,175,108,175,68,267,68,0.781
457: 116,205,116,188,160,188,160,205,0.777
457: 270,149,270,112,373,112,373,149,0.771
457: 207,197,207,140,222,140,222,197,0.72
457: 80,106,80,86,103,86,103,106,0.672
458: 562,84,407,84,407,12,562,12,0.75
458: 56,204,56,131,206,131,206,204,0.607
459: 179,104,179,89,213,89,213,104,0.845
459: 227,107,227,94,260,94,260,107,0.775
459: 178,131,178,115,214,115,214,131,0.645
459: 226,133,226,121,260,121,260,133,0.558
459: 226,143,226,132,260,132,260,143,0.528
461: 548,236,492,236,492,220,548,220,0.926
461: 497,268,457,268,457,252,497,252,0.848
461: 488,247,466,247,466,237,488,237,0.843
462: 485,253,485,237,527,237,527,253,0.807
463: 475,259,475,229,603,229,603,259,0.781
463: 177,324,133,324,133,313,177,313,0.645
464: 540,260,450,260,450,240,540,240,0.973
464: 533,215,477,215,477,196,533,196,0.948
464: 591,214,538,214,538,194,591,194,0.815
464: 490,283,451,283,451,264,490,264,0.655
465: 876,98,876,86,974,86,974,98,0.899
465: 741,406,741,352,878,352,878,406,0.892
465: 405,258,405,184,615,184,615,258,0.883
465: 470,370,470,358,553,358,553,370,0.876
465: 1362,470,1362,421,1466,421,1466,470,0.866
465: 1365,641,1365,597,1467,597,1467,641,0.83
465: 1343,554,1343,494,1491,494,1491,554,0.824
465: 636,119,636,55,837,55,837,119,0.716
465: 561,829,561,697,595,697,595,829,0.716
465: 555,371,541,371,541,313,555,313,0.649
465: 970,132,879,132,879,101,970,101,0.569
466: 780,154,780,123,847,123,847,154,0.837
466: 610,296,610,263,680,263,680,296,0.837
466: 649,172,649,149,713,149,713,172,0.834
466: 801,275,801,228,910,228,910,275,0.721
466: 855,142,855,119,901,119,901,142,0.67
466: 910,203,862,203,862,178,910,178,0.667
466: 671,240,611,240,611,206,671,206,0.638
466: 854,213,792,213,792,179,854,179,0.549
466: 715,164,715,140,760,140,760,164,0.53
468: 699,340,699,266,719,266,719,340,0.946
468: 16,236,16,146,373,146,373,236,0.773
468: 4,326,4,248,379,248,379,326,0.753
468: 537,368,515,368,515,297,537,297,0.678
468: 637,291,637,268,679,268,679,291,0.676
468: 16,164,16,74,345,75,345,164,0.648
469: 639,377,594,377,594,356,639,356,0.95
469: 563,375,516,375,516,353,563,353,0.862
469: 713,382,670,382,670,360,713,360,0.762
470: 635,463,635,430,708,430,708,463,0.956
470: 892,475,892,439,1075,439,1075,475,0.943
470: 836,341,836,291,936,291,936,341,0.921
470: 631,528,631,494,707,494,707,528,0.893
470: 926,512,926,478,1070,478,1070,512,0.855
470: 61,650,2,650,2,619,61,619,0.846
470: 693,342,693,293,776,293,776,342,0.806
471: 336,169,327,169,327,138,336,138,0.906
471: 322,128,291,128,291,117,322,117,0.902
471: 282,129,250,129,250,119,282,119,0.808
471: 233,174,233,144,244,144,244,174,0.713
472: 343,241,343,220,444,220,444,241,0.949
472: 373,290,285,290,285,267,373,267,0.853
472: 501,291,414,291,414,266,501,266,0.806
473: 690,733,690,696,757,696,757,733,0.986
473: 687,640,687,603,758,603,758,640,0.932
473: 558,410,558,341,653,341,653,410,0.777
473: 370,636,370,578,536,578,536,636,0.743
473: 381,676,381,629,507,629,507,676,0.711
473: 570,570,570,520,645,520,645,570,0.64
474: 899,520,867,520,867,509,899,509,0.963
474: 277,207,277,174,357,174,357,207,0.932
474: 431,278,351,278,351,245,431,245,0.892
474: 287,279,187,279,187,245,287,245,0.851
474: 899,502,867,502,867,492,899,492,0.828
474: 898,489,865,489,865,476,898,476,0.798
474: 182,341,182,308,289,308,289,341,0.79
474: 321,341,321,309,432,309,432,341,0.75
474: 866,526,866,474,899,474,899,526,0.527
475: 557,404,473,404,473,375,557,375,0.838
475: 562,441,470,441,470,416,562,416,0.783
475: 667,385,572,385,572,358,667,358,0.681
475: 1055,49,927,49,927,11,1055,11,0.605
475: 667,345,571,345,571,316,667,316,0.572
475: 737,47,611,47,611,14,737,14,0.556
476: 737,252,737,208,827,208,827,252,0.93
476: 891,222,891,173,976,173,976,222,0.907
476: 823,376,732,376,732,332,823,332,0.887
476: 927,283,927,235,1009,235,1009,283,0.885
476: 904,402,835,402,835,369,904,369,0.773
476: 780,201,780,155,864,155,864,201,0.66
476: 1003,395,921,395,921,354,1003,354,0.66
478: 236,84,197,84,197,65,236,65,0.956
478: 234,149,196,149,196,129,234,129,0.818
478: 164,117,164,97,266,97,266,117,0.793
478: 259,62,259,44,303,44,303,62,0.776
478: 355,57,317,57,317,38,355,38,0.746
478: 400,57,365,57,365,39,400,39,0.667
478: 358,159,334,159,334,148,358,148,0.565
479: 107,178,107,162,171,162,171,178,0.878
479: 170,212,109,212,109,195,170,195,0.828
479: 250,211,188,211,188,195,250,195,0.803
479: 185,175,185,160,270,160,270,175,0.775
479: 293,211,271,211,271,200,293,200,0.709
480: 460,113,414,113,414,98,460,98,0.935
480: 341,113,341,96,405,96,405,113,0.926
480: 333,166,298,166,298,155,333,155,0.884
480: 454,165,419,165,419,154,454,154,0.874
480: 347,143,289,143,289,126,347,126,0.809
480: 466,141,407,141,407,125,466,125,0.781
481: 516,250,516,184,664,184,664,250,0.894
481: 519,323,519,261,661,261,661,323,0.874
481: 144,359,144,321,260,321,260,359,0.839
481: 145,291,145,247,262,247,262,291,0.747
482: 224,94,195,94,195,82,224,82,0.9
482: 176,95,147,95,147,83,176,83,0.896
482: 175,112,147,112,147,101,175,101,0.867
482: 223,111,195,111,195,100,223,100,0.861
482: 198,77,173,77,173,67,198,67,0.766
483: 1003,338,862,338,862,270,1003,270,0.967
483: 710,225,710,148,870,148,870,225,0.935
483: 611,509,611,453,719,453,719,509,0.92
483: 864,447,864,377,1006,377,1006,447,0.913
483: 881,249,881,195,979,195,979,249,0.903
483: 731,308,583,308,583,238,731,238,0.878
483: 842,516,766,516,766,474,842,474,0.86
483: 893,531,893,478,992,478,992,531,0.859
483: 585,422,585,354,733,354,733,422,0.825
483: 784,443,784,319,816,319,816,443,0.655
484: 135,168,135,155,207,155,207,168,0.916
484: 150,131,100,131,100,119,150,119,0.831
484: 112,108,112,93,198,93,198,108,0.628
484: 277,177,277,162,358,162,358,177,0.612
485: 294,191,294,169,352,169,352,191,0.942
485: 297,142,230,142,230,126,297,126,0.641
485: 268,196,257,196,257,170,268,170,0.58
486: 402,292,402,250,625,250,625,292,0.828
486: 316,368,316,337,425,337,425,368,0.799
486: 564,222,389,222,389,182,564,182,0.756
486: 241,222,241,184,365,184,365,222,0.737
486: 202,292,202,249,347,249,347,292,0.72
487: 511,746,511,684,602,684,602,746,0.897
487: 50,629,50,469,129,469,129,629,0.775
487: 230,599,230,488,408,488,408,599,0.77
487: 260,668,260,590,370,590,370,668,0.706
487: 473,688,473,585,633,585,633,688,0.665
488: 461,186,398,186,398,162,461,162,0.947
488: 417,76,375,76,375,61,417,61,0.921
488: 197,178,197,156,262,156,262,178,0.913
488: 301,73,242,73,242,50,301,50,0.833
488: 278,120,245,120,245,97,278,97,0.638
488: 372,82,338,82,338,60,372,60,0.614
488: 359,113,284,113,284,98,359,98,0.607
489: 955,633,783,633,783,591,955,591,0.944
489: 994,539,994,486,1204,486,1204,539,0.919
489: 766,413,766,363,984,363,984,413,0.78
490: 906,535,906,458,1007,458,1007,535,0.927
490: 701,471,701,378,836,378,836,471,0.923
490: 765,445,765,335,945,335,945,445,0.836
490: 809,578,809,498,942,498,942,578,0.734
490: 914,612,843,612,843,568,914,568,0.675
490: 786,380,786,264,936,264,936,380,0.665
492: 771,343,617,343,617,304,771,304,0.928
492: 461,373,441,373,441,280,461,280,0.911
492: 150,132,80,132,80,103,150,103,0.841
492: 687,199,687,163,771,163,771,199,0.82
492: 426,355,369,355,369,335,426,335,0.784
492: 198,130,198,96,380,96,380,130,0.784
492: 58,349,58,304,296,304,296,349,0.758
492: 67,207,67,166,279,166,279,207,0.727
492: 378,201,378,163,663,163,663,201,0.703
492: 412,127,412,91,627,91,627,127,0.614
492: 764,126,567,126,567,89,764,89,0.58
493: 341,101,301,101,301,90,341,90,0.95
493: 378,85,352,85,352,73,378,73,0.895
493: 291,91,268,91,268,80,291,80,0.881
493: 385,67,343,67,343,53,385,53,0.874
493: 320,49,287,49,287,39,320,39,0.79
493: 299,64,261,64,261,54,299,54,0.697
493: 323,48,323,37,357,37,357,48,0.581
493: 291,78,268,78,268,67,291,67,0.578
494: 365,162,324,162,324,148,365,148,0.948
494: 346,193,346,178,387,178,387,193,0.899
494: 172,209,172,197,232,197,232,209,0.895
494: 249,192,249,176,297,176,297,192,0.745
494: 313,161,275,161,275,147,313,147,0.745
494: 279,207,249,207,249,193,279,193,0.729
494: 336,203,302,203,302,193,336,193,0.541
495: 217,510,217,445,389,445,389,510,0.883
495: 411,376,212,376,212,304,411,304,0.876
495: 706,319,706,266,848,266,848,319,0.835
495: 412,290,412,242,537,242,537,290,0.813
495: 387,234,387,166,561,166,561,234,0.788
495: 614,321,614,289,694,289,694,321,0.755
495: 239,575,239,527,363,527,363,575,0.752
495: 622,437,622,361,853,361,853,437,0.746
495: 617,260,617,186,845,186,845,260,0.71
495: 669,511,669,457,820,457,820,511,0.7
495: 246,443,246,396,369,396,369,443,0.633
496: 361,73,361,45,418,45,418,73,0.916
496: 566,60,506,60,506,29,566,29,0.843
496: 419,104,363,104,363,79,419,79,0.615
497: 66,86,20,86,20,67,66,67,0.962
497: 125,36,64,36,64,18,125,18,0.909
497: 135,34,135,18,169,18,169,34,0.908
497: 147,80,147,63,199,63,199,80,0.845
497: 57,40,37,40,37,29,57,29,0.715
497: 83,120,83,110,129,110,129,120,0.629
498: 294,449,294,394,458,394,458,449,0.875
498: 286,553,286,499,447,499,447,553,0.838
498: 701,451,539,451,539,401,701,401,0.808
498: 529,556,529,505,667,505,667,556,0.802
498: 538,616,465,616,465,594,538,594,0.794
499: 421,243,330,243,330,217,421,217,0.906
499: 115,263,115,239,176,239,176,263,0.88
499: 326,200,326,174,417,174,417,200,0.832
499: 411,160,330,160,330,138,411,138,0.812
499: 103,223,103,201,190,201,190,223,0.799
499: 225,272,225,256,286,256,286,272,0.781
499: 99,183,99,161,194,161,194,183,0.741
499: 130,150,130,138,159,138,159,150,0.604
500: 148,368,148,307,267,307,267,368,0.917
500: 82,758,18,758,18,744,82,744,0.9
500: 142,411,142,362,267,362,267,411,0.756
500: 275,318,140,318,140,254,275,254,0.734
500: 81,741,25,741,25,731,81,731,0.593
500: 142,296,142,291,270,291,270,296,0.575
501: 456,170,456,143,566,143,566,170,0.789
501: 298,167,298,142,409,142,409,167,0.781
501: 502,104,363,104,363,75,502,75,0.763
501: 458,213,406,213,406,196,458,196,0.7
502: 270,107,211,107,211,92,270,92,0.928
502: 188,142,129,142,129,125,188,125,0.919
502: 231,83,169,83,169,67,231,67,0.886
502: 217,145,217,133,267,133,267,145,0.861
502: 188,108,131,108,131,92,188,92,0.831
502: 177,160,177,150,210,150,210,160,0.825
502: 230,57,172,57,172,43,230,43,0.791
503: 509,516,509,483,597,483,597,516,0.975
503: 808,466,721,466,721,434,808,434,0.972
503: 629,528,629,509,687,509,687,528,0.914
503: 784,516,722,516,722,488,784,488,0.886
503: 804,706,699,706,699,671,804,671,0.781
503: 622,406,622,375,697,375,697,406,0.77
503: 595,464,507,464,507,433,595,433,0.721
503: 788,661,689,661,689,648,788,648,0.558
504: 126,78,126,50,205,50,205,78,0.937
504: 30,176,30,147,110,147,110,176,0.86
504: 218,175,218,145,298,145,298,175,0.805
504: 30,131,30,102,110,102,110,131,0.787
504: 193,209,134,209,134,190,193,190,0.784
504: 218,129,218,100,297,100,297,129,0.769
504: 285,82,216,82,216,54,285,54,0.701
504: 224,210,224,188,291,188,291,210,0.692
504: 101,210,34,210,34,191,101,191,0.636
504: 176,179,154,179,154,123,176,123,0.574
505: 321,156,250,156,250,141,321,141,0.786
505: 251,132,251,110,308,110,308,132,0.745
505: 104,143,104,119,224,119,224,143,0.718
505: 242,191,124,191,124,168,242,168,0.691
506: 380,304,380,250,514,250,514,304,0.961
506: 225,160,225,111,356,111,356,160,0.912
506: 68,301,68,251,197,251,197,301,0.843
506: 381,227,381,174,512,174,512,227,0.811
506: 197,228,71,228,71,176,197,176,0.773
506: 273,322,273,236,308,236,308,322,0.757
506: 75,356,75,325,183,325,183,356,0.738
506: 391,359,391,326,501,326,501,359,0.665
506: 488,155,383,155,383,124,488,124,0.545
507: 168,191,51,191,51,163,168,163,0.797
507: 169,144,55,144,55,118,169,118,0.791
507: 158,93,158,66,259,66,259,93,0.759
509: 118,118,118,98,153,98,153,118,0.895
509: 104,117,69,117,69,99,104,99,0.895
509: 218,117,218,99,254,99,254,117,0.88
509: 265,169,186,169,186,150,265,150,0.796
509: 205,122,165,122,165,103,205,103,0.71
510: 623,337,623,218,654,218,654,337,0.799
511: 200,154,200,142,249,142,249,154,0.959
511: 299,151,299,137,355,137,355,151,0.915
511: 194,181,171,181,171,169,194,169,0.885
511: 249,132,221,132,221,121,249,121,0.868
511: 540,160,514,160,514,148,540,148,0.822
511: 500,166,448,166,448,153,500,153,0.805
511: 200,175,200,163,245,163,245,175,0.789
511: 385,176,363,176,363,165,385,165,0.787
511: 298,172,298,157,353,157,353,172,0.771
511: 503,143,445,143,445,130,503,130,0.752
511: 507,118,479,118,479,106,507,106,0.736
511: 303,128,303,116,349,116,349,128,0.728
511: 54,188,54,174,126,174,126,188,0.681
511: 213,135,173,135,173,123,213,123,0.593
511: 117,161,59,161,59,134,117,134,0.534
511: 386,142,361,142,361,133,386,133,0.525
512: 362,187,308,187,308,166,362,166,0.888
512: 378,249,378,227,435,227,435,249,0.861
512: 352,249,311,249,311,232,352,232,0.79
1390: 115,63,80,63,80,48,115,48,0.962
1390: 284,70,250,70,250,54,284,54,0.953
1390: 200,70,200,54,235,54,235,70,0.927
1390: 268,32,251,32,251,22,268,22,0.915
1391: 346,121,308,121,308,102,346,102,0.956
1391: 188,134,143,134,143,115,188,115,0.941
1391: 261,184,224,184,224,164,261,164,0.843
1391: 249,78,249,60,288,60,288,78,0.819
1391: 341,92,314,92,314,79,341,79,0.814
1391: 348,161,308,161,308,142,348,142,0.74
1391: 243,78,203,78,203,61,243,61,0.624
1392: 313,249,313,199,417,199,417,249,0.864
1392: 288,377,288,288,645,288,645,377,0.698
1392: 672,257,466,257,466,188,672,188,0.668
1392: 257,160,257,30,707,30,707,160,0.658
1393: 514,136,459,136,459,124,514,124,0.925
1393: 159,351,159,240,176,240,176,351,0.923
1393: 535,137,535,112,590,112,590,137,0.918
1393: 338,138,270,138,270,116,338,116,0.909
1393: 255,354,210,354,210,332,255,332,0.887
1393: 496,225,461,225,461,206,496,206,0.879
1393: 253,142,202,142,202,130,253,130,0.863
1393: 591,185,535,185,535,161,591,161,0.856
1393: 336,218,272,218,272,201,336,201,0.794
1393: 211,320,211,299,258,299,258,320,0.754
1393: 203,353,181,353,181,240,203,240,0.735
1393: 206,261,159,261,159,237,206,237,0.712
1393: 203,354,158,354,158,331,203,331,0.704
1393: 512,181,459,181,459,167,512,167,0.641
1393: 253,189,202,189,202,176,253,176,0.599
1394: 395,222,220,222,220,178,395,178,0.882
1394: 555,317,555,269,719,269,719,317,0.848
1394: 552,241,552,166,729,166,729,241,0.816
1394: 254,335,254,287,369,287,369,335,0.712
1395: 279,63,229,63,229,39,279,39,0.905
1395: 214,180,214,123,382,123,382,180,0.775
1395: 78,231,78,201,129,201,129,231,0.752
1395: 45,177,45,121,162,121,162,177,0.554
1396: 110,253,110,233,147,233,147,253,0.956
1396: 354,260,320,260,320,242,354,242,0.951
1396: 171,225,145,225,145,212,171,212,0.867
1396: 202,254,165,254,165,237,202,237,0.867
1396: 535,371,462,371,462,344,535,344,0.866
1396: 249,258,249,240,303,240,303,258,0.864
1396: 570,323,459,323,459,297,570,297,0.835
1396: 290,230,255,230,255,214,290,214,0.781
1396: 334,196,320,196,320,187,334,187,0.727
1396: 347,232,313,232,313,217,347,217,0.526
1397: 329,276,296,276,296,258,329,258,0.969
1397: 287,276,231,276,231,257,287,257,0.931
1397: 278,319,247,319,247,299,278,299,0.929
1397: 291,247,268,247,268,235,291,235,0.719
1398: 138,461,116,461,116,444,138,444,0.933
1398: 141,495,141,473,176,473,176,495,0.929
1398: 338,545,294,545,294,521,338,521,0.926
1398: 129,494,72,494,72,470,129,470,0.915
1398: 355,464,322,464,322,448,355,448,0.868
1398: 315,497,315,475,412,475,412,497,0.73
1398: 381,416,355,416,355,404,381,404,0.693
1399: 324,412,195,412,195,360,324,360,0.914
1399: 53,404,53,359,112,359,112,404,0.889
1399: 367,553,367,486,510,486,510,553,0.873
1399: 512,271,373,271,373,203,512,203,0.87
1399: 121,259,47,259,47,219,121,219,0.868
1399: 103,539,60,539,60,499,103,499,0.855
1399: 54,123,54,79,110,79,110,123,0.84
1399: 147,123,147,67,325,67,325,123,0.837
1399: 406,135,406,72,512,72,512,135,0.818
1399: 325,264,148,264,148,208,325,208,0.804
1399: 150,549,150,493,327,493,327,549,0.792
1399: 374,415,374,347,512,347,512,415,0.753
1399: 114,68,54,68,54,56,114,56,0.64
1400: 404,304,369,304,369,288,404,288,0.939
1400: 417,232,367,232,367,218,417,218,0.915
1400: 428,238,428,222,460,222,460,238,0.896
1400: 465,310,426,310,426,294,465,294,0.827
1400: 403,267,367,267,367,251,403,251,0.782
1400: 464,274,431,274,431,258,464,258,0.746
1401: 163,114,163,69,347,69,347,114,0.95
1401: 124,281,54,281,54,230,124,230,0.945
1401: 124,127,54,127,54,77,124,77,0.937
1401: 129,214,53,214,53,202,129,202,0.906
1401: 124,63,52,63,52,49,124,49,0.87
1401: 176,265,176,219,348,219,348,265,0.848
1401: 503,126,503,87,563,87,563,126,0.697
1401: 494,290,494,250,561,250,561,290,0.678
1401: 411,294,411,216,553,216,553,294,0.597
1401: 426,129,426,68,545,68,545,129,0.59
1402: 155,121,86,121,86,93,155,93,0.911
1402: 78,185,78,158,133,158,133,185,0.869
1402: 220,209,220,177,267,177,267,209,0.861
1402: 353,327,297,327,297,308,353,308,0.86
1402: 256,72,187,72,187,45,256,45,0.841
1402: 197,190,151,190,151,168,197,168,0.823
1402: 73,293,73,280,133,280,133,293,0.791
1402: 169,73,74,73,74,46,169,46,0.769
1402: 360,391,335,391,335,375,360,375,0.753
1402: 192,210,158,210,158,196,192,196,0.715
1402: 306,356,306,338,349,338,349,356,0.696
1402: 325,389,301,389,301,375,325,375,0.694
1402: 187,258,143,258,143,243,187,243,0.646
1402: 81,203,81,189,131,189,131,203,0.58
1403: 370,161,314,161,314,128,370,128,0.938
1403: 293,166,231,166,231,131,293,131,0.845
1403: 291,204,246,204,246,176,291,176,0.819
1403: 317,110,282,110,282,88,317,88,0.812
1403: 323,50,291,50,291,33,323,33,0.799
1404: 653,299,597,299,597,277,653,277,0.947
1404: 758,287,725,287,725,264,758,264,0.874
1404: 690,388,690,365,737,365,737,388,0.84
1404: 597,396,597,375,675,375,675,396,0.832
1404: 755,343,699,343,699,320,755,320,0.722
1404: 594,348,594,326,653,326,653,348,0.627
1405: 232,322,130,322,130,290,232,290,0.931
1405: 130,241,130,212,229,212,229,241,0.852
1405: 119,159,119,131,228,131,228,159,0.825
1405: 98,85,98,57,252,57,252,85,0.733
1405: 230,187,196,187,196,172,230,172,0.661
1406: 162,75,162,61,190,61,190,75,0.95
1406: 238,40,153,40,153,23,238,23,0.947
1406: 259,38,259,18,315,18,315,38,0.849
1406: 230,87,198,87,198,70,230,70,0.817
1406: 39,39,39,22,126,23,126,39,0.813
1406: 119,89,88,89,88,70,119,70,0.793
1407: 520,409,520,306,719,306,719,409,0.94
1407: 515,188,515,86,719,87,719,188,0.905
1407: 77,379,77,316,171,316,171,379,0.88
1407: 170,604,80,604,80,539,170,539,0.873
1407: 182,166,77,166,77,107,182,107,0.858
1407: 447,581,227,581,227,524,447,524,0.81
1407: 224,372,224,312,451,312,451,372,0.81
1407: 82,301,82,283,172,283,172,301,0.791
1407: 450,155,225,155,225,96,450,96,0.79
1407: 175,85,81,85,81,68,175,68,0.785
1407: 533,619,533,534,726,534,726,619,0.777
1407: 76,521,76,503,178,503,178,521,0.714
1408: 511,328,452,328,452,308,511,308,0.965
1408: 511,195,454,195,454,176,511,176,0.957
1408: 571,212,526,212,526,194,571,194,0.951
1408: 568,345,529,345,529,325,568,325,0.83
1408: 506,260,457,260,457,242,506,242,0.752
1408: 569,278,519,278,519,259,569,259,0.736
1409: 349,480,325,480,325,320,349,320,0.855
1409: 29,341,29,278,121,278,121,341,0.836
1409: 22,252,22,180,124,180,124,252,0.813
1409: 176,300,176,238,274,238,274,300,0.736
1409: 183,374,183,322,273,322,273,374,0.717
1409: 246,192,208,192,208,161,246,161,0.696
1409: 357,487,357,326,381,326,381,487,0.691
1409: 173,275,173,263,275,263,275,275,0.6
1410: 54,219,54,168,111,168,111,219,0.764
1410: 78,459,78,347,263,347,263,459,0.735
1410: 65,414,14,414,14,369,65,369,0.717
1410: 108,378,108,261,282,261,282,378,0.666
1410: 135,280,135,167,291,167,291,280,0.654
1410: 30,315,30,268,85,268,85,315,0.536
1411: 263,137,211,137,211,112,263,112,0.938
1411: 396,139,343,139,343,112,396,112,0.899
1411: 260,81,260,57,346,57,346,81,0.791
1412: 77,202,77,154,177,154,177,202,0.814
1412: 184,234,71,234,71,211,184,211,0.787
1412: 190,286,65,286,65,260,190,260,0.748
1412: 86,145,86,131,160,131,160,145,0.693
1412: 148,18,88,18,88,7,148,7,0.67
1412: 172,115,73,115,73,95,172,95,0.657
1412: 175,78,77,78,77,60,175,60,0.603
1412: 83,56,83,24,154,24,154,56,0.578
1413: 200,163,137,163,137,141,200,141,0.772
1413: 121,256,121,195,316,195,316,256,0.731
1413: 223,296,223,266,278,266,278,296,0.638
1414: 107,151,107,135,141,135,141,151,0.959
1414: 323,136,312,136,312,116,323,116,0.943
1414: 109,176,109,161,139,161,139,176,0.929
1414: 142,123,110,123,110,108,142,108,0.927
1414: 203,131,159,131,159,113,203,113,0.902
1414: 297,135,266,135,266,122,297,122,0.881
1414: 236,171,236,154,300,154,300,171,0.837
1414: 155,156,155,139,201,139,201,156,0.781
1414: 155,184,155,167,200,167,200,184,0.694
1414: 312,103,301,103,301,95,312,95,0.64
1414: 236,153,236,139,278,139,278,153,0.62
1414: 328,173,313,173,313,141,328,141,0.557
1414: 283,155,283,141,328,141,328,155,0.524
1415: 266,164,235,164,235,142,266,142,0.944
1415: 141,63,141,40,182,40,182,63,0.863
1415: 265,77,239,77,239,52,265,52,0.861
1415: 179,108,145,108,145,84,179,84,0.837
1415: 264,119,241,119,241,97,264,97,0.796
1415: 170,211,170,189,258,189,258,211,0.739
1415: 113,211,113,193,160,193,160,211,0.736
1415: 211,150,110,150,110,123,211,123,0.713
1416: 141,88,141,68,187,68,187,88,0.979
1416: 60,87,60,65,110,65,110,87,0.96
1416: 167,48,153,48,153,40,167,40,0.89
1416: 87,136,87,112,125,112,125,136,0.825
1416: 278,187,250,187,250,175,278,175,0.561
1417: 287,77,251,77,251,67,287,67,0.789
1417: 287,112,255,112,255,99,287,99,0.58
1418: 210,72,182,72,182,57,210,57,0.891
1418: 398,31,377,31,377,20,398,20,0.879
1418: 257,74,227,74,227,57,257,57,0.846
1418: 376,122,342,122,342,106,376,106,0.819
1418: 313,175,285,175,285,159,313,159,0.782
1418: 177,113,177,91,260,91,260,113,0.761
1418: 424,72,340,72,340,51,424,51,0.711
1418: 344,211,310,211,310,189,344,189,0.637
1418: 301,245,285,245,285,196,301,196,0.623
1419: 206,294,206,266,267,266,267,294,0.947
1419: 54,18,5,18,5,3,54,3,0.887
1419: 205,231,205,210,267,210,267,231,0.876
1419: 328,252,293,252,293,224,328,224,0.741
1419: 271,354,207,354,207,327,271,327,0.723
1420: 348,215,273,215,273,182,348,182,0.981
1420: 279,147,279,116,352,116,352,147,0.94
1420: 302,91,276,91,276,79,302,79,0.828
1420: 422,157,369,157,369,132,422,132,0.811
1421: 445,201,399,201,399,184,445,184,0.932
1421: 504,199,454,199,454,183,504,183,0.865
1421: 463,165,431,165,431,152,463,152,0.865
1421: 311,169,279,169,279,155,311,155,0.864
1421: 246,205,246,186,350,186,350,205,0.814
1421: 286,225,262,225,262,210,286,210,0.709
1421: 440,220,418,220,418,205,440,205,0.668
1422: 504,85,478,85,478,68,504,68,0.949
1422: 417,122,417,105,454,105,454,122,0.914
1422: 454,165,420,165,420,147,454,147,0.882
1422: 445,87,421,87,421,74,445,74,0.866
1422: 507,171,464,171,464,152,507,152,0.829
1422: 467,127,467,110,506,110,506,127,0.783
1422: 119,386,119,369,153,369,153,386,0.702
1619: 645,202,645,166,734,166,734,202,0.875
1619: 290,196,290,150,426,150,426,196,0.784
1619: 697,332,608,332,608,307,697,307,0.692
1619: 231,336,231,305,343,305,343,336,0.688
1619: 612,223,552,223,552,189,612,189,0.604
1619: 244,209,168,209,168,169,244,169,0.596
1623: 474,105,474,85,555,85,555,105,0.642
1623: 510,57,510,41,611,41,611,57,0.521
1624: 512,266,449,266,449,245,512,245,0.852
1624: 289,302,181,302,181,284,289,284,0.783
1624: 673,97,623,97,623,77,673,77,0.78
1624: 289,271,184,271,184,253,289,253,0.707
1624: 558,118,351,118,351,79,558,79,0.634
1624: 176,241,176,200,393,200,393,241,0.589
1626: 437,976,437,796,1092,796,1092,976,0.707
1626: 182,1333,182,1297,238,1297,238,1333,0.636
1627: 379,809,379,737,722,737,722,809,0.911
1627: 536,852,536,818,729,818,729,852,0.887
1627: 399,729,399,674,699,674,699,729,0.783
1627: 1053,707,1053,648,1429,648,1429,707,0.774
1628: 481,1083,420,1083,420,1043,481,1043,0.785
1628: 580,832,580,512,1034,512,1034,832,0.669
1629: 633,1070,633,637,735,637,735,1070,0.659
1629: 479,1068,479,655,592,655,592,1068,0.586
1629: 629,689,629,322,727,322,727,689,0.568
1631: 801,493,801,447,978,447,978,493,0.852
1631: 221,503,221,461,405,461,405,503,0.837
1631: 418,406,293,406,293,366,418,366,0.817
1631: 849,408,849,362,975,362,975,408,0.719
1631: 816,417,766,417,766,386,816,386,0.557
1631: 202,424,202,386,263,386,263,424,0.55
1633: 924,1030,803,909,893,819,1014,940,0.908
1633: 1207,1373,1207,1110,1385,1110,1385,1373,0.898
1633: 1105,1601,1105,1425,1220,1425,1220,1601,0.877
1633: 1079,1383,1079,1147,1202,1147,1202,1383,0.853
1633: 1000,1601,1000,1430,1108,1430,1108,1601,0.82
1633: 1218,1608,1218,1417,1349,1417,1349,1608,0.815
1633: 1270,908,1157,748,1264,672,1377,833,0.771
1633: 972,1392,972,1169,1092,1169,1092,1392,0.729
1633: 532,800,532,672,909,672,909,800,0.666
1633: 549,555,549,334,845,334,845,555,0.65
1633: 850,1609,850,1446,941,1446,941,1609,0.548
1635: 374,484,374,446,453,446,453,484,0.875
1635: 597,456,597,415,699,415,699,456,0.871
1635: 571,430,483,430,483,390,571,390,0.756
1635: 485,385,485,339,573,339,573,385,0.58
